0.	-0.10991945609589285	0.05086278110886399	0	0	20
0.005	-0.11036779161392604	0.05148834407082309	0.0008859849734233054	-0.00041378090858589726	20
0.01	-0.11083140283151277	0.05212927708525008	0.0017855768735599291	-0.0008416775488666605	20
0.015	-0.1113105046922867	0.052786033446326264	0.0026993097047723737	-0.0012842456151270355	20
0.02	-0.11180533300684418	0.05345908583718317	0.00362773367996899	-0.001742065763246697	20
0.025	-0.11231613388842238	0.05414892794235625	0.004571418437238448	-0.002215745920897406	20
0.03	-0.11284317009871307	0.05485607371004217	0.005530946026613982	-0.002705919905817718	20
0.035	-0.11338671499737747	0.05558106081962656	0.006506921690705565	-0.0032132524285726012	20
0.04	-0.11394705825077356	0.056324451352882554	0.007499970249142822	-0.00373843924792739	20
0.045	-0.11452450496489494	0.05708682982104449	0.008510738041344215	-0.004282208930864532	20
0.05	-0.11511937789433142	0.05786881074652351	0.009539892767039633	-0.004845324733846352	20
0.055	-0.11573201703435897	0.05867103322815939	0.010588123037808499	-0.005428585397087753	20
0.06	-0.11636277198425823	0.05949416715649211	0.011656149126476273	-0.006032831601270424	20
0.065	-0.11701201844916953	0.060338915023908715	0.012744710424853124	-0.006658942575053594	20
0.07	-0.11768014837355396	0.061206007235152765	0.013854579785882467	-0.007307843080758592	20
0.075	-0.11836756965593197	0.06209621297216769	0.014986557940119492	-0.007980504370239748	20
0.08	-0.1190747154664028	0.06301033463221134	0.01614147541621589	-0.008677946035405743	20
0.085	-0.11980203708090933	0.06394921693661412	0.017320188230255166	-0.009401237761530994	20
0.09	-0.12055000783042735	0.06491374089527628	0.018523602830609148	-0.010151510668316236	20
0.095	-0.12131912399712749	0.06590483335745588	0.01975265075155499	-0.010929950742177995	20
0.1	-0.12210990851529543	0.06692346627962585	0.021008301820620447	-0.01173780659445467	20
0.105	-0.12292290500562009	0.06797065899567445	0.022291570639919506	-0.012576395480424864	20
0.11	-0.1237586881504975	0.06904748342600908	0.023603518983570587	-0.01344710757654656	20
0.115	-0.12461785644859853	0.07015506688128914	0.024945241867297963	-0.01435140446856553	20
0.12	-0.12550104071693038	0.07129459056374128	0.026317889029521806	-0.015290830410721473	20
0.125	-0.1264089010084753	0.07246730241695475	0.027722667221380077	-0.016267019647958986	20
0.13	-0.12734213111871406	0.07367451259439559	0.029160831292571084	-0.017281695815739406	20
0.135	-0.12830145703870616	0.07491760399872908	0.030633693169470157	-0.018336681872838427	20
0.14	-0.12928764557162992	0.0761980298288618	0.032142629365371024	-0.019433906584920852	20
0.145	-0.13030149616050035	0.07751732867786916	0.03368907685268332	-0.020575411878361344	20
0.15	-0.13134385042550217	0.07887711790854668	0.03527454490162747	-0.021763361305677232	20
0.155	-0.13241559280203283	0.08027910996365485	0.03690061563914448	-0.0230000491926336	20
0.16	-0.13351765735419013	0.08172511445939443	0.03856895049826199	-0.024287909331425356	20
0.165	-0.1346510176933953	0.08321704299354633	0.040281292309343616	-0.025629526469642297	20
0.17	-0.13581670525295025	0.08475692009544047	0.04203946961818437	-0.02702764435050657	20
0.175	-0.13701580419548837	0.08634689144597006	0.04384541139927914	-0.028485184462107432	20
0.18	-0.1382494563660424	0.0879892273378502	0.04570114616545772	-0.03000525449434692	20
0.185	-0.1395188645306213	0.08968634095315645	0.047608809881395445	-0.03159116457713981	20
0.19	-0.1408252960461807	0.09144079266697569	0.04957064896780631	-0.033246441713274205	20
0.195	-0.14217009104551617	0.09325530383095221	0.05158903833740319	-0.03497485121829537	20
0.2	-0.14355466407089573	0.09513277009357926	0.05366649261442072	-0.036780418585335706	20
0.205	-0.14498050356854997	0.09707627006309331	0.05580565089546908	-0.03866743621702695	20
0.21	-0.14644919412570426	0.09908909184797299	0.05800932497383835	-0.040640510837018216	20
0.215	-0.1479624033780649	0.10117473705456562	0.060280468608857114	-0.04270456199824361	20
0.22	-0.14952190381202804	0.10333694987570877	0.0626222301466082	-0.04486487577055421	20
0.225	-0.15112957226197754	0.1055797301721342	0.06503794594196816	-0.04712712494215045	20
0.23	-0.15278739500573102	0.10790735932410428	0.0675311476897599	-0.04949740085112719	20
0.235	-0.15449748657888823	0.11032442536084991	0.0701055944781663	-0.05198225859160402	20
0.24	-0.15626209595019608	0.11283584938701871	0.07276528360998799	-0.05458875639540081	20
0.245	-0.1580836081920116	0.11544691770440636	0.07551448059937442	-0.05732451590784827	20
0.25	-0.1599645735788766	0.11816331680278092	0.07835771543377848	-0.06019775132688314	20
0.255	-0.16190770245590966	0.12099117040152157	0.08129984665647132	-0.06321736584543368	20
0.26	-0.16391589346106833	0.12393708045006263	0.08434603652416217	-0.06639297532208602	20
0.265	-0.16599224128377307	0.1270081790408797	0.08750183195744583	-0.06973502196692538	20
0.27	-0.16814005983837374	0.13021218140310645	0.09077316595833648	-0.07325484375342915	20
0.275	-0.17036290203752646	0.13355744356002708	0.09416641861071998	-0.07696477998586068	20
0.28	-0.17266456971421973	0.1370530337099812	0.09768841638137334	-0.08087825697457023	20
0.285	-0.17504915917238786	0.14070881149809134	0.1013465263163751	-0.08500994298775794	20
0.29	-0.1775210769076518	0.1445355103040078	0.10514867851093015	-0.08937586683698967	20
0.295	-0.18008506677793956	0.14854484105954419	0.10910343661087049	-0.09399359208609293	20
0.3	-0.18274625395286892	0.152749605938383	0.11322005114468686	-0.09888238907807294	20
0.305	-0.1855101820575531	0.1571638302711228	0.11750855185737863	-0.10406345777263246	20
0.31	-0.18838285474003846	0.16180290689579285	0.12197981655230902	-0.10956016229107415	20
0.315	-0.19137079546068028	0.16668377675178517	0.12664566745233807	-0.11539830292150101	20
0.32	-0.19448109355348367	0.17182512077540965	0.13151898701586717	-0.12160646209038034	20
0.325	-0.19772148264665956	0.17724759611147187	0.13661385498892037	-0.12821637243474004	20
0.33	-0.20110041193961414	0.18297410495795347	0.14194563492875398	-0.13526331837326633	20
0.335	-0.20462713662534163	0.18903010822516314	0.14753124153293826	-0.14278674010024864	20
0.34	-0.20831181595039033	0.19544399761935993	0.15338923610867186	-0.15083076311047147	20
0.345	-0.2121656415606801	0.20224753529841322	0.15954008143517073	-0.15944492142598937	20
0.35	-0.21620097861077842	0.2094763665924088	0.1660064398309375	-0.16868506981589784	20
0.355	-0.2204315136373991	0.21717064621570498	0.1728134079669474	-0.17861432892339263	20
0.36	-0.22487246033377162	0.22537577411895224	0.1799889727076477	-0.18930441157611722	20
0.365	-0.22954079526514937	0.23414329563446074	0.18756435006018363	-0.2008370040218615	20
0.37	-0.23445552009761186	0.24353198782274346	0.1955745647030722	-0.21330565317224937	20
0.375	-0.2396379949735727	0.25360918585850384	0.20405897812696872	-0.2268178781209481	20
0.38	-0.24511234736311097	0.2644524226417591	0.21306218254794396	-0.24149806125986237	20
0.385	-0.25090593871787353	0.27615145882888636	0.22263477089247513	-0.2574907035511117	20
0.39	-0.2570499896837802	0.2888108276166207	0.23283455149440435	-0.27496479734859	20
0.395	-0.2635802951495518	0.3025530486251353	0.24372785871184208	-0.29411914635726283	20
0.4	-0.27053817026547866	0.3175227332759786	0.25539130891690753	-0.3151892711434735	20
0.405	-0.27797161166585743	0.3338918830744792	0.267914083212124	-0.3384565307234407	20
0.41	-0.28593680945143246	0.3518668061987615	0.28140056034241706	-0.36425955149746264	20
0.415	-0.29450007646442405	0.37169728730747487	0.29597413225020364	-0.3930100831774248	20
0.42	-0.3037404197920619	0.3936889028150364	0.3117818193450248	-0.4252136603952051	20
0.425	-0.3137529271273472	0.41821984154458375	0.3290007323538071	-0.461498473492587	20
0.43	-0.3246534057755217	0.4457643356089014	0.34784659384081884	-0.5026551946715453	20
0.435	-0.3365847813325793	0.47692591953484015	0.3685858138123816	-0.5496941717049899	20
0.44	-0.3497261731129692	0.5124858665220269	0.39155227000303294	-0.6039282448494923	20
0.445	-0.36430608574286505	0.5534756114135951	0.4171717797891177	-0.6670972716370618	20
0.45	-0.3806221899060896	0.6012885038221469	0.4459990377531729	-0.7415609908543659	20
0.455	-0.3990720282302424	0.6578589539259649	0.4787745540132643	-0.8306075532335764	30
0.46	-0.42020284376274164	0.7259623543962533	0.5165163864627081	-0.9389743371155862	30
0.465	-0.4447966355952221	0.8097456249939927	0.5606780336635951	-1.0737662736722076	30
0.47	-0.47402531287604116	0.9157306828504209	0.6134338041430563	-1.2462012378632794	40
0.475	-0.5097583284266792	1.0548842381219539	0.6782446936580054	-1.4752167287625946	40
0.48	-0.5552454363058366	1.2474108474100434	0.761109397858574	-1.795840816954142	40
0.485	-0.6168951338165878	1.5358328496507352	0.8738107737013843	-2.2820885692126276	40
0.49	-0.7102277714392968	2.031130273673728	1.044731463912676	-3.127926864807778	40
0.495	-0.8919977121409788	3.177945631723939	1.3768477273215298	-5.113900102168805	40