0.	-0.00568124855282897	0.014528057949543541	0	0	20
0.005	-0.005658947538718222	0.014440061011257816	-0.000011201697380940925	0.000028439121522171754	20
0.01	-0.005637425778484621	0.014352642754401405	-0.000022087254489440677	0.00005565882194977718	20
0.015	-0.005616660396711136	0.014265780580600516	-0.000032663061506391325	0.00008167776245078241	20
0.02	-0.005596637176587236	0.014179455212557262	-0.00004293604307323809	0.0001065159825694101	20
0.025	-0.005577334116064892	0.014093643553756335	-0.00005291206890136133	0.0001301918704392115	20
0.03	-0.005558732421120192	0.014008323039293336	-0.00006259744836068496	0.00015272500466290042	20
0.035	-0.005540819964643471	0.013923473052555601	-0.00007199665992622045	0.00017413167850709513	20
0.04	-0.005523576318005378	0.013839071650286222	-0.00008111546458579525	0.00019443104305141956	20
0.045	-0.005506984375104442	0.01375509659151411	-0.00008995790447142322	0.00021363931264790762	20
0.05	-0.005491027434005797	0.013671526727943353	-0.00009852830872423165	0.00023177345622358872	20
0.055	-0.005475690567414433	0.013588339382753587	-0.00010683093486681339	0.00024885064333935955	20
0.06	-0.005460959156052271	0.013505515031764575	-0.00011486911279802995	0.0002648864808585494	20
0.065	-0.005446818738542653	0.013423029604987376	-0.00012264609169065828	0.00027989673133835757	20
0.07	-0.005433249026287822	0.013340861943050904	-0.00013016474551636584	0.000293896959265212	20
0.075	-0.0054202401587477	0.013258990230101877	-0.00013742788643664704	0.00030690244238591974	20
0.08	-0.005407773936447291	0.013177391437528019	-0.00014443774470359358	0.00031892799622572495	20
0.085	-0.00539584434963221	0.01309604498369838	-0.0001511968149775249	0.00032998880163089407	20
0.09	-0.005384429784381443	0.01301492635254694	-0.00015770627531542695	0.00034009814124161866	20
0.095	-0.005373514165010075	0.01293401441621398	-0.0001639681179558372	0.00034927145386152677	20
0.1	-0.005363089846713366	0.012853286950608264	-0.00016998340463120226	0.00035752171157151554	20
0.105	-0.005353139642656192	0.012772719690818678	-0.00017575315226584117	0.000364862957497495	20
0.11	-0.005343653798872485	0.012692288162498493	-0.00018127851641687524	0.0003713090574073815	20
0.115	-0.005334616336986574	0.012611970685723214	-0.00018655964182121346	0.00037687272150547244	20
0.12	-0.005326009089479696	0.012531743886391195	-0.00019159663737129305	0.0003815671949124015	20
0.125	-0.005317824004607995	0.0124515834888818	-0.00019639009044920835	0.0003854060442982458	20
0.13	-0.005310046906048566	0.012371463673800064	-0.00020093940511305353	0.0003884013061291241	20
0.135	-0.0053026628627257655	0.012291360461619223	-0.00020524425276115957	0.00039056592591530347	20
0.14	-0.005295660799936479	0.01221124636453967	-0.00020930460189930972	0.0003919134133506775	20
0.145	-0.005289020874838769	0.012131100048096349	-0.00021311891248611774	0.0003924553706746221	20
0.15	-0.005282737871139443	0.012050892686328996	-0.00021668640620779557	0.0003922040036822744	20
0.155	-0.0052767909607759796	0.0119705965833862	-0.00022000578778560775	0.0003911720235980922	20
0.16	-0.005271167880196107	0.011890187100826965	-0.00022307593596911278	0.00038937228547657817	20
0.165	-0.00526585582789694	0.011809635385827794	-0.00022589528252995063	0.00038681708818221806	20
0.17	-0.0052608356093634435	0.011728913280567044	-0.0002284612633228817	0.00038351751985163553	20
0.175	-0.005256096854115578	0.011647991781078344	-0.00023077284113634118	0.000379487128960697	20
0.18	-0.005251621598650033	0.01156684058392948	-0.00023282704867367535	0.00037473716944948893	20
0.185	-0.005247395834633061	0.01148542960173587	-0.00023462206788765985	0.0003692807701507569	20
0.19	-0.005243399942442953	0.011403728731187793	-0.00023615494824115408	0.00036312974726468157	20
0.195	-0.005239618248249126	0.011321705403357522	-0.00023742361302194804	0.00035629790591684804	20
0.2	-0.00523603830657836	0.011239325386441089	-0.00023842471336374998	0.0003487961817305775	20
0.205	-0.005232640534505249	0.011156556218076345	-0.0002391552633691555	0.0003406377546425421	20
0.21	-0.005229394316383201	0.011073362991956867	-0.00023961181303605315	0.000331835844083079	20
0.215	-0.005226297559172817	0.010989712334794975	-0.00023979189504932756	0.00032240372669079393	20
0.22	-0.0052233205606436305	0.010905562358118012	-0.00023969096109830286	0.0003123533507781056	20
0.225	-0.005220445971758034	0.010820879304977798	-0.0002393064078786711	0.0003016999682486146	20
0.23	-0.0052176523624790794	0.010735621960892748	-0.00023863388047554824	0.0002904559353745573	20
0.235	-0.005214914843962576	0.010649748965899744	-0.00023766988517975694	0.0002786362275010331	20
0.24	-0.005212205787686625	0.010563221331971226	-0.0002364098812004174	0.0002662542927177662	20
0.245	-0.0052095046726803726	0.010475993504145022	-0.00023485004434669143	0.0002533248178020543	20
0.25	-0.005206784683322656	0.010388019821593882	-0.0002329865108586758	0.00023986357987786701	30
0.255	-0.005204016903660861	0.01029925610872404	-0.00023081473189183384	0.00022588591198686867	20
0.26	-0.005201175254379659	0.010209650348163908	-0.00022833052108228692	0.00021140736627447203	20
0.265	-0.005198217214558639	0.010119153731124056	-0.00022552937421090017	0.00019644516445605807	20
0.27	-0.005195127833080056	0.010027715873462238	-0.0002224064189457609	0.0001810140525392873	20
0.275	-0.005191854905286461	0.009935280242374937	-0.00021895832077462165	0.00016513523008809624	20
0.28	-0.005188373505439891	0.009841788478292982	-0.00021518001504310655	0.00014882486409031114	20
0.285	-0.005184633101024473	0.009747184595442007	-0.00021106709503374208	0.00013210260343717899	30
0.29	-0.005180594512945173	0.009651405317744815	-0.00020661449022003865	0.00011498698319572565	20
0.295	-0.005176216161783364	0.00955438602744578	-0.00020181897084862953	0.0000975004089298925	20
0.3	-0.005171448542003344	0.009456059727400278	-0.00019667603122349434	0.00007966388059371362	20
0.305	-0.005166238442915826	0.009356355412858952	-0.0001911813609634702	0.00006149965332883807	20
0.31	-0.00516053284974287	0.009255196626491742	-0.00018533131317244078	0.00004303165792007501	20
0.315	-0.005154268571300967	0.009152509064416444	-0.00017912237570132325	0.000024285716765633326	20
0.32	-0.005147381653598377	0.009048209528044662	-0.00017255034218895235	5.285291692303396e-6	50
0.325	-0.0051398064517274265	0.008942212444513566	-0.0001656131180546354	-0.000013939836430494152	40
0.33	-0.005131464063862284	0.008834428146300574	-0.000158308057636026	-0.00003336015346483764	50
0.335	-0.0051222766311242425	0.008724760876101094	-0.0001506323084737994	-0.00005294709785269015	50
0.34	-0.005112155602803925	0.008613107148643806	-0.00014258455952396673	-0.00007266755490400702	40
0.345	-0.005101006722431729	0.008499365391745482	-0.00013416448536724586	-0.00009248592528711173	40
0.35	-0.005088731559423769	0.008383419885453564	-0.0001253713354410359	-0.00011236705719992229	40
0.355	-0.005075210592545891	0.008265157717303295	-0.00011620628952101836	-0.00013227178560219264	80
0.36	-0.005060326286445359	0.008144443027289758	-0.00010667090278603269	-0.0001521587197537695	40
0.365	-0.00504394700773418	0.008021148074411785	-0.00009676847770083533	-0.00017198427559401178	50
0.37	-0.005025927470453474	0.007895127376546018	-0.00008650302569847363	-0.00019170180108285049	40
0.375	-0.005006105648585378	0.007766227976777479	-0.00007588192024306158	-0.00021125925877514906	60
0.38	-0.0049843137488788485	0.007634281626852023	-0.00006491190506681898	-0.00023060507759666455	40
0.385	-0.004960348534805847	0.007499115419292878	-0.000053603588182579195	-0.0002496800959574409	70
0.39	-0.004934007938811219	0.007360540916754485	-0.00004196946787321411	-0.0002684233883464481	80
0.395	-0.004905057039152364	0.0072183586610788265	-0.000030026461121561945	-0.00028676537560269117	40
0.4	-0.004873217809359941	0.007072331639881155	-0.000017791952202245996	-0.00030463712143911236	40
0.405	-0.004838210762962652	0.006922222082083728	-5.290263661234391e-6	-0.0003219573057756063	80
0.41	-0.004799707429169765	0.006767772948760602	7.450886538372408e-6	-0.0003386416261720873	50
0.415	-0.004757338117897232	0.006608681912150643	0.00002039816203197052	-0.0003545958772551434	60
0.42	-0.004710677665841184	0.006444627576069002	0.00003351212870683554	-0.00036971918113305703	60
0.425	-0.004659255307555961	0.006275245097171402	0.00004674488388964065	-0.0003838979565429061	50
0.43	-0.0046025458662839955	0.006100129414182161	0.00006004052007237094	-0.0003970083062100699	40
0.435	-0.004539909262991599	0.005918824496898968	0.0000733317117012158	-0.0004089130882487252	120
0.44	-0.004470595812283507	0.005730755585399994	0.00008653713172424184	-0.0004194542745070203	110
0.445	-0.004393753647056539	0.0055353330209078015	0.00009955978763002292	-0.0004284583395541858	130
0.45	-0.004308381181816566	0.005331785164456591	0.00011228404577352962	-0.00043572235971515804	120
0.455	-0.004213191193770569	0.005119183847338647	0.0001245647979473258	-0.0004410096190645842	70
0.46	-0.004106640925501373	0.004896402223050805	0.00013622618780038687	-0.00044404343930932555	130
0.465	-0.0039867657435445625	0.004661968625656743	0.00014704487602312867	-0.00044448235082250283	130
0.47	-0.0038509519450567347	0.004413780842716638	0.00015673834684588786	-0.0004418913280349846	160
0.475	-0.003695641700255981	0.0041491338448676005	0.00016492549485878268	-0.0004357131146954801	150
0.48	-0.003515589266103037	0.0038635887368725095	0.000171081711455121	-0.00042514131586215346	170
0.485	-0.0033021850021503134	0.003549943856615569	0.0001743918951073302	-0.0004089306792000285	210
0.49	-0.0030403825151460962	0.003194142527030466	0.00017354390575237362	-0.0003848720539517363	210
0.495	Undefined	Undefined	Undefined	Undefined	250