0.	-0.0642240156119966	0.05064816296578325	0	0	20
0.005	-0.06377413501147801	0.050035559488191994	-0.0005085196359969962	0.00039862446866039314	20
0.01	-0.0633335463901363	0.04943698976764914	-0.0010067185876764652	0.0007844552838700966	20
0.015	-0.06290206396929822	0.04885205905216218	-0.0014949222314209018	0.0011579673025404172	20
0.02	-0.06247949670951368	0.048280385487134536	-0.0019734474121544335	0.0015196170506256448	20
0.025	-0.062065672092772	0.04772159806360882	-0.002442597952833821	0.001869840243522445	20
0.03	-0.06166041318391566	0.047175348558543946	-0.0029026725141807555	0.002209057979283985	20
0.035	-0.06126355371157963	0.046641294648210874	-0.0033539545595041203	0.002537670597290505	20
0.04	-0.06087493703981709	0.046119114009795216	-0.003796725231560014	0.0028560663941093285	20
0.045	-0.060494410344668396	0.045608487863437415	-0.004231248170830823	0.0031646126375842604	20
0.05	-0.060121825512728974	0.045109117694154204	-0.004657789746730132	0.0034636688492546428	20
0.055	-0.05975704800066384	0.0446207131368965	-0.005076598900518303	0.0037535744670930877	20
0.06	-0.05939993563821033	0.04414299458973912	-0.005487923710787814	0.004034660154958483	20
0.065	-0.05905036475054342	0.04367569190136983	-0.0058920042218395035	0.004307242553235954	20
0.07	-0.058708206321763726	0.04321855176983447	-0.006289067637792597	0.004571624169661176	20
0.075	-0.05837334512381336	0.04277131904994324	-0.00667934426821012	0.0048280997883603585	20
0.08	-0.05804566956064973	0.04233375821608165	-0.007063053103921943	0.00507695150740116	20
0.085	-0.057725064584357264	0.041905637704091565	-0.007440404477314214	0.005318449493249555	20
0.09	-0.05741143386721565	0.041486737037687835	-0.007811611294300385	0.005552857967788771	20
0.095	-0.057104675008735936	0.0410768421416713	-0.008176873609252063	0.005780427963686562	20
0.1	-0.05680469348775771	0.04067574785136446	-0.00853639046763703	0.006001403711810998	20
0.105	-0.05651140416539917	0.040283257006496605	-0.008890356380382741	0.006216020632051684	20
0.11	-0.056224720241643364	0.03989917970742525	-0.00923895945723483	0.00642450544683068	20
0.115	-0.05594455925442493	0.03952333226307488	-0.009582381131679115	0.006627075654121963	20
0.12	-0.05567084829283034	0.039155542091846934	-0.009920807210447878	0.006823946166524122	20
0.125	-0.055403514386828175	0.038795636841063866	-0.010254412131064348	0.00701532003788348	20
0.13	-0.05514249066497013	0.03844345588251183	-0.010583368657487782	0.007201395410707261	20
0.135	-0.054887719381230604	0.03809884266758163	-0.010907851350889767	0.007382365798458841	20
0.14	-0.0546391349338793	0.03776165211359181	-0.011228022410996212	0.007558416101327374	20
0.145	-0.05439669057038868	0.0374317357125306	-0.01154404720087562	0.007729725283942735	20
0.15	-0.05416033134190608	0.037108959081356495	-0.011856085909091632	0.007896468450200339	20
0.155	-0.05393001706547106	0.036793188474987096	-0.012164301667638587	0.008058816180409187	20
0.16	-0.05370570238641834	0.0364842989812202	-0.012468848531419543	0.008216932342325598	20
0.165	-0.053487355088067665	0.03618216925986193	-0.012769881163966025	0.008370976030826312	20
0.17	-0.053274938228598	0.03588668535897377	-0.013067551294785009	0.008521103040205385	20
0.175	-0.05306843375001173	0.03559773737918918	-0.013362014167119097	0.008667465260108101	20
0.18	-0.05286780557770987	0.03531521999281696	-0.013653414819923892	0.008810209168481756	20
0.185	-0.05267305181576825	0.03503903657272612	-0.013941907473887434	0.008949479699724983	20
0.19	-0.052484143304826175	0.03476908950089112	-0.014227633647585416	0.00908541513144762	20
0.195	-0.05230108410791969	0.03450529120567481	-0.014510744823599037	0.009218153311501658	20
0.2	-0.05212386622950801	0.034247557570581136	-0.014791385235363688	0.009347827541413958	20
0.205	-0.05195248957058321	0.03399580946742411	-0.015069703884357072	0.009474570542879816	20
0.21	-0.051786961519084476	0.03374997539734856	-0.01534583952291147	0.009598507775553329	20
0.215	-0.05162730215419961	0.033509983488471944	-0.015619949002768422	0.009719768421839168	20
0.22	-0.05147352247481534	0.03327576966218464	-0.01589217052670518	0.009838473271248763	20
0.225	-0.051325643906092754	0.0330472758567668	-0.016162653156984567	0.009954745437700136	20
0.23	-0.051183704860247585	0.032824450861041854	-0.01643154823965198	0.01006870608985521	20
0.235	-0.051047737168248355	0.03260724303766407	-0.016699002258883638	0.010180471870494003	20
0.24	-0.05091779051678206	0.03239560889493968	-0.016965169108865724	0.010290160067361142	20
0.245	-0.05079391352485196	0.032189514869532025	-0.0172302011235934	0.010397888106837509	20
0.25	-0.050676163374802026	0.03198892506564627	-0.017494252451601806	0.01050376932467555	20
0.255	-0.050564603326067964	0.03179380815917315	-0.017757483362881857	0.010607918068722973	30
0.26	-0.050459315675938456	0.03160415525633106	-0.018020055920957696	0.010710451447696619	40
0.265	-0.05036038861389078	0.03141994251932566	-0.01828213637108465	0.010811480136008663	40
0.27	-0.05026790614824364	0.031241166816178015	-0.018543888875465864	0.010911119321073005	40
0.275	-0.05018197991124098	0.031067825129209234	-0.01880549280003601	0.011009484434126037	40
0.28	-0.05010271932492954	0.030899924093243644	-0.01906712453933963	0.011106690979912227	40
0.285	-0.05003025646002951	0.030737475452641553	-0.019328969522998066	0.01120285427050863	40
0.29	-0.04996473413375344	0.03058049922932716	-0.019591219356777902	0.011298091752499781	40
0.295	-0.049906295499389984	0.030429028899876292	-0.01985407147590768	0.01139252621901341	40
0.3	-0.04985512445137252	0.030283095352018983	-0.020117735714345775	0.011486275417202416	40
0.305	-0.04981139692692511	0.0301427545017674	-0.020382425402168235	0.011579468236846692	40
0.31	-0.04977532467430297	0.030008051862139194	-0.020648371817494047	0.011672228500334997	40
0.315	-0.04974712427709807	0.029879065402602975	-0.020915805261132635	0.0117646897964159	40
0.32	-0.049727046312545146	0.029755871695506447	-0.021184981872625044	0.01185698824882984	40
0.325	-0.0497153460437081	0.029638563877253443	-0.021456159048410185	0.01194926432279857	40
0.33	-0.04971233789386587	0.0295272530893508	-0.021729627290592895	0.012041667341302974	40
0.335	-0.04971832980206623	0.029422056268146642	-0.022005673609645237	0.012134346806427148	40
0.34	-0.0497336836052416	0.029323119747353046	-0.02228462216719613	0.012227468585892558	40
0.345	-0.04975879341533701	0.0292305970057078	-0.022566814849535037	0.012321200530886475	40
0.35	-0.04979409054135335	0.029144670816003457	-0.022852612790158808	0.012415722867883573	40
0.355	-0.0498400374121167	0.029065543315747067	-0.023142406846970512	0.01251122802417281	40
0.36	-0.0498971815693694	0.028993447463514656	-0.023436631106880688	0.012607922330829536	40
0.365	-0.04996608971559313	0.028928644932572595	-0.02373574151417739	0.01270602780518887	40
0.37	-0.05004742718789731	0.028871421246160184	-0.024040248567964766	0.01280577841169257	40
0.375	-0.05014190239103747	0.02882211575286861	-0.024350697698037042	0.012907436430076979	40
0.38	-0.050250341359444006	0.028781111307843648	-0.024667705844364684	0.01301128783319343	40
0.385	-0.05037364088948224	0.028748820180180008	-0.024991939743601834	0.013117635567452886	40
0.39	-0.050512838885845006	0.028725742227610988	-0.025324149254881318	0.013226827267774641	50
0.395	-0.050669081636068536	0.028712434839188568	-0.02566516450095915	0.013339245094030663	40
0.4	-0.0508436978545413	0.028709533771181458	-0.026015929890546543	0.013455314638220734	50
0.405	-0.05103818946772377	0.02871777550172091	-0.026377498600912767	0.013575515080610867	50
0.41	-0.05125430420764607	0.02873801175154143	-0.026751082951515744	0.013700391279390569	50
0.415	-0.05149402547518758	0.028771229943140176	-0.027138051931910507	0.0138305632328541	50
0.42	-0.05175969857554819	0.02881860262084144	-0.02754000751620331	0.013966755990265152	50
0.425	-0.05205408242219437	0.028881503617469315	-0.02795881431559829	0.014109805932648923	50
0.43	-0.052380412876616864	0.028961566998974286	-0.02839664569620654	0.014260695487971728	50
0.435	-0.05274263230678151	0.02906076354687056	-0.028856125110350076	0.014420595758149437	50
0.44	-0.0531454563393781	0.029181501156839706	-0.02934037563976343	0.014590923235707475	50
0.445	-0.05359475213666226	0.02932674616411409	-0.029853246695772627	0.014773405003098494	50
0.45	-0.05409778807286221	0.029500228688831367	-0.030399494050878346	0.014970199460249101	70
0.455	-0.054663911127775425	0.029706713763773	-0.030985175675685452	0.0151840374550455	60
0.46	-0.05530528038616402	0.029952469439671482	-0.03161814262425795	0.015418492189336708	60
0.465	-0.0560383035912503	0.03024591795364378	-0.03230891669721475	0.01567833188125015	70
0.47	-0.05688583311426319	0.030598889208567917	-0.03307207690037372	0.01597021762050885	80
0.475	-0.05788129858614281	0.031028641913601187	-0.03392882260966163	0.01630381451281547	80
0.48	-0.05907680740748413	0.031562294489689245	-0.03491202461030484	0.016694238081271667	80
0.485	-0.060561813361482635	0.032246371744177486	-0.03607776224981147	0.0171672832247093	80
0.49	-0.06251362001647895	0.03317348614160725	-0.037536551081910494	0.01777406218550627	120
0.495	Undefined	Undefined	Undefined	Undefined	250