0.	-0.0642240156119966	0.05064816296578325	0	0	20
0.005	-0.06468339467190885	0.05127521924719151	0.0005191789697155976	-0.0004119151202348718	20
0.01	-0.06515248453371554	0.051917156474950446	0.0010493667609486061	-0.0008376391925956633	20
0.015	-0.065631496924566	0.05257442422073824	0.0015909254000586366	-0.0012777138570750374	20
0.02	-0.06612065998759686	0.05324749176788844	0.002144229996344774	-0.0017327051995524368	20
0.025	-0.06662021007201194	0.05393684766893457	0.002709670840565924	-0.0022032060660955284	20
0.03	-0.06713039188645628	0.05464299943489398	0.0032876490514680452	-0.002689834265839928	20
0.035	-0.0676514590125947	0.055366479168781756	0.0038785834239876216	-0.0031932380970360287	20
0.04	-0.06818367417782503	0.0561078428915033	0.004482908146234043	-0.003714096184130803	20
0.045	-0.06872731546904522	0.05686766546223024	0.0051010745415790955	-0.004253119048691342	20
0.05	-0.0692826673796444	0.05764655520282387	0.005733550401985602	-0.004811051309674638	20
0.055	-0.06985003262223112	0.058445140231905626	0.006380820690312619	-0.005388671830433296	20
0.06	-0.0704297158032389	0.059264080642785655	0.007043393450904417	-0.005986800913949469	20
0.065	-0.0710220419900129	0.060104068051128265	0.007721792795051986	-0.006606296112093528	20
0.07	-0.07162734891773943	0.06096582205855816	0.00841656791820394	-0.007248059821436529	20
0.075	-0.07224598451187249	0.06185009842130702	0.00912828952058276	-0.007913039621436791	20
0.08	-0.07287831561328319	0.0627576860415382	0.00985755145276964	-0.008602230261530022	20
0.085	-0.07352472244520628	0.06368941488941661	0.010604968035990092	-0.009316675048891492	20
0.09	-0.07418560310477967	0.06464615052185795	0.011371190333972847	-0.010057478028897416	20
0.095	-0.07486136852392933	0.06562880290972165	0.012156889480526048	-0.010825796254916654	20
0.1	-0.07555245336191009	0.0666383261860863	0.012962766461174892	-0.011622847873184947	20
0.105	-0.07625930591086048	0.06767572131444147	0.01378955554288011	-0.012449918385097354	20
0.11	-0.07698239900494372	0.06874203895301002	0.01463802676483215	-0.013308364337861514	20
0.115	-0.07772222174764443	0.0698383850767275	0.015508976530619431	-0.014199611616818144	20
0.12	-0.07847928928650151	0.07096591791133147	0.01640324246036159	-0.015125167008412623	20
0.125	-0.07925413655205904	0.07212586125925088	0.01732170435351575	-0.01608662556381503	20
0.13	-0.08004732677945944	0.07331949825567868	0.01826527977699231	-0.017085668876995835	20
0.135	-0.08085944655090628	0.07454818406762467	0.01923492939374139	-0.018124075714285953	20
0.14	-0.08169111296605372	0.07581334397845654	0.020231662459344817	-0.019203728586032875	20
0.145	-0.08254296935791816	0.0771164830790031	0.021256534728746515	-0.0203266194647228	20
0.15	-0.08341569060896331	0.07845918589247457	0.02231065620488669	-0.021494859635671423	20
0.155	-0.08430998396808656	0.07984312908591289	0.023395192069852886	-0.022710687888709863	20
0.16	-0.08522659644128155	0.08127008516339097	0.024511368122346132	-0.02397647949140439	20
0.165	-0.08616630296894878	0.08274192440247864	0.025660470875051352	-0.02529475629764228	20
0.17	-0.08712992542428823	0.08426062900213338	0.02684385303876011	-0.0266681957553929	20
0.175	-0.08811832639271368	0.08582829804304715	0.02806294278847464	-0.0280996485564683	20
0.18	-0.08913241143743217	0.08744715409814258	0.029319243252049605	-0.02959214746824903	20
0.185	-0.09017313521016768	0.08911955809856023	0.030614339820306157	-0.031148922753423257	20
0.19	-0.09124150047238518	0.09084801491252534	0.031949901146223425	-0.03277341590662786	20
0.195	-0.09233856782758752	0.09263518635539222	0.03332769339311976	-0.03446930111926324	20
0.2	-0.09346545700675322	0.0944839048780091	0.03474958849839241	-0.03624050695602642	20
0.205	-0.0946233423441695	0.09639718265978603	0.03621755313898542	-0.038091222420110656	20
0.21	-0.09581347589079386	0.09837823471311127	0.03773368440453645	-0.04002594284228454	20
0.215	-0.0970371721263982	0.10043048614385786	0.03930018799628751	-0.04204946913410346	20
0.22	-0.09829582995222715	0.1025575977351965	0.04091941701332563	-0.044166959990556476	20
0.225	-0.09959092919909028	0.10476348118768458	0.04259386710458773	-0.046383951789433664	20
0.23	-0.10092403370626432	0.10705232390542072	0.04432618222554517	-0.048706389521883366	20
0.235	-0.10229680913986057	0.10942861055330008	0.04611917959198689	-0.0511406701165255	20
0.24	-0.10371102729720877	0.11189715381392673	0.04797585820696368	-0.05369368288062102	20
0.245	-0.10516856588912316	0.11446312192404529	0.04989941942345032	-0.05637286662696115	20
0.25	-0.10667143328440294	0.11713207547063612	0.05189326864870147	-0.059186239161234805	20
0.255	-0.10822176354084787	0.11990999988997475	0.05396105871740137	-0.06214248994267892	20
0.26	-0.10982183839843801	0.12280335122769843	0.05610667666661222	-0.06525100543273031	20
0.265	-0.11147409519149601	0.12581910144014186	0.05833430196118794	-0.06852197905454051	20
0.27	-0.11318114264174614	0.12896479430203428	0.060648408227630186	-0.0719664788611519	20
0.275	-0.1149457819299387	0.132248598925997	0.06305381196666332	-0.07559655099012125	20
0.28	-0.1167710061276799	0.1356793812475266	0.06555567025439106	-0.07942530345334772	20
0.285	-0.11866004526903176	0.13926678118260455	0.06815955472754451	-0.0834670575882301	20
0.29	-0.12061637448006526	0.14302129252110043	0.07087146879362341	-0.0877374635994979	20
0.295	-0.12264373470083934	0.1469543667622224	0.07369790000667661	-0.09225367246963552	20
0.3	-0.12474617081585053	0.15107852071657196	0.07664586453749023	-0.09703450140582152	20
0.305	-0.12692806201881138	0.15540746922346899	0.07972297798473411	-0.10210065500204842	20
0.31	-0.129194150530636	0.1599562645401882	0.0829375061448141	-0.10747495225730311	20
0.315	-0.13154959557537943	0.16474147386807478	0.08629844551869746	-0.11318259463523243	20
0.32	-0.13400000661972486	0.16978136619757742	0.08981560732085633	-0.11925150163651635	20
0.325	-0.13655150785793022	0.175096146317125	0.09349972743094151	-0.12571267559393814	20
0.33	-0.13921079594909463	0.1807082164458385	0.09736253738512565	-0.1326005916250137	20
0.335	-0.1419852140849147	0.18664248194510055	0.1014169651455212	-0.1399537887337004	20
0.34	-0.1448828293440976	0.19292671983369525	0.10567721631889629	-0.14781538981206346	20
0.345	-0.14791253945021332	0.1995920064465333	0.11015897661995015	-0.15623381069920375	20
0.35	-0.15108418719223388	0.20667322275634092	0.11487963880496488	-0.1652636518115787	20
0.355	-0.15440867814729659	0.21420966801402996	0.11985849431766205	-0.1749666273862975	20
0.36	-0.15789815358418244	0.22224577897069886	0.1251170867084878	-0.18541286098100673	20
0.365	-0.16156617992448075	0.23083201715658824	0.1306794881702897	-0.19668224427897463	20
0.37	-0.16542796614528368	0.24002593327687743	0.13657275306539995	-0.20886628616302608	20
0.375	-0.16950063425227185	0.24989346989243538	0.14282734419493967	-0.2220701847983903	20
0.38	-0.17380356275608871	0.26051056947713935	0.14947783694295305	-0.23641566191114982	20
0.385	-0.17835876760604852	0.2719651723014514	0.15656354421697322	-0.25204416272357394	20
0.39	-0.1831914198309483	0.2843597163734755	0.16412947988940416	-0.269121145722155	20
0.395	-0.1883304444094821	0.29781429469675885	0.17222742516669312	-0.2878413096052261	20
0.4	-0.1938093044377743	0.312470693973464	0.18091734301061185	-0.30843538125131414	20
0.405	-0.19966697416299156	0.3284976069135889	0.19026921089036558	-0.33117907581248085	20
0.41	-0.2059492068863152	0.3460974380902844	0.20036518665977496	-0.35640434204839344	20
0.415	-0.2127101601707668	0.36551533335522957	0.21130269282372333	-0.38451495494158644	20
0.42	-0.22001456891318236	0.3870513083075131	0.22319822377743115	-0.41600685720108554	20
0.425	-0.22794061856678416	0.41107682475454127	0.23619264207641713	-0.4514965832103808	20
0.43	-0.23658389928396345	0.4380578901680029	0.25045823981138826	-0.49176049671217814	20
0.435	-0.24606288289604478	0.4685878660805177	0.26620874820070906	-0.5377911616273524	20
0.44	-0.2565267351575316	0.5034352682894864	0.2837133890431309	-0.5908790273028032	20
0.445	-0.26816672138546715	0.543615288895734	0.30331743118863597	-0.6527353080168408	20
0.45	-0.28123342086491615	0.590500219869538	0.32547342590781786	-0.7256824276665794	20
0.455	-0.2960636063694751	0.6459965840716325	0.35078981125090425	-0.8129589469910486	30
0.46	-0.3131241690285726	0.7128419035862567	0.38010947841109033	-0.9192344056350397	30
0.465	-0.33308764643777444	0.7951300343032911	0.41464676726642724	-1.0515183387661917	30
0.47	-0.3569711372525186	0.8993056131135259	0.45623686207053754	-1.2208889008653816	40
0.475	-0.3864142491389681	1.0362170042167305	0.507835840212185	-1.4460684301757492	40
0.48	-0.4243022736191151	1.225874846545774	0.5746394355593357	-1.7617303606093502	40
0.485	-0.47640836541523435	1.5104513481337907	0.6670265674653901	-2.2412454831430373	40
0.49	-0.55696586282484	2.000189657341367	0.8105268115846199	-3.0772156443067695	40
0.495	-0.7192584296470586	3.1376575154016066	1.1003942591730274	-5.046312547298823	40