0.	-0.0016711745548781687	0.004429112755275933	0	0	20
0.005	-0.0016713142269785728	0.004428982190743122	3.377774129375899e-8	-1.3508898029017393e-7	20
0.01	-0.0016717336856747276	0.004428589180209606	1.3513741878677183e-7	-5.40256717134693e-7	30
0.015	-0.0016724321465489212	0.004427933850227297	3.042562404035804e-7	-1.2154120366303245e-6	30
0.02	-0.0016734109460253095	0.004427015265088693	5.415150414385141e-7	-2.1605526704904725e-6	20
0.025	-0.0016746707730462757	0.0044258319243896255	8.47219010317886e-7	-3.3752330207441526e-6	20
0.03	-0.0016762123608771026	0.004424381967987183	1.2220030954369866e-6	-4.859360706050993e-6	30
0.035	-0.0016780318259230062	0.004422664258916087	1.6665494337984087e-6	-6.612635172696022e-6	40
0.04	-0.0016801307890131924	0.004420676966067898	2.181434646313021e-6	-8.634236788335859e-6	30
0.045	-0.0016825142274883218	0.0044184174131471085	2.767822191274722e-6	-0.000010924169118140133	20
0.05	-0.0016851723645040246	0.00441588274518215	3.4265734730725536e-6	-0.000013481598019192314	20
0.055	-0.0016881142822400329	0.004413068592304182	4.158925318706058e-6	-0.00001630603357314144	20
0.06	-0.0016913393524372294	0.004409972658231381	4.966105291643159e-6	-0.000019396674456954176	30
0.065	-0.001694843897308037	0.004406591800430544	5.84946435659742e-6	-0.00002275265063340148	30
0.07	-0.001698627424958985	0.004402919871834024	6.810777773419902e-6	-0.000026373637515102506	20
0.075	-0.0017026985007742754	0.0043989532442332505	7.851356940315312e-6	-0.00003025790128433381	20
0.08	-0.0017070462944254613	0.0043946862188528925	8.973112784524967e-6	-0.00003440478865157847	30
0.085	-0.0017116796205564838	0.004390112768638843	0.00001017811393687097	-0.00003881335330285394	20
0.09	-0.001716593843857178	0.004385229392165697	0.000011468159134838969	-0.000043481966902481454	20
0.095	-0.0017217915134386948	0.0043800271575244	0.00001284559811349003	-0.00004840959399770491	20
0.1	-0.0017272704029377664	0.004374500609497732	0.00001431252511249183	-0.000053594417102385985	20
0.105	-0.0017330330404607534	0.0043686436094166475	0.000015871492956995232	-0.0000590349891354618	20
0.11	-0.0017390771959602796	0.004362445756263433	0.000017525154664499	-0.00006472984835697568	20
0.115	-0.0017454062848877708	0.004355899401931864	0.000019276161101685414	-0.0000706769901893125	20
0.12	-0.0017520142509959368	0.004348999032856524	0.00002112709580980574	-0.00007687408337424957	30
0.125	-0.0017589077019036824	0.0043417322365534375	0.00002308130938525175	-0.00008331944850414454	30
0.13	-0.001766086242740247	0.004334090653991495	0.000025141763821278513	-0.00009001054793530198	40
0.135	-0.0017735442677331396	0.00432606251782886	0.000027311638583014758	-0.00009694485577308864	30
0.14	-0.0017812838396481555	0.004317638581279289	0.00002959430444433457	-0.00010411957425225379	20
0.145	-0.0017893049572732815	0.004308807825399823	0.00003199356968194149	-0.00011153249164069402	20
0.15	-0.001797606516332546	0.004299555116406983	0.00003451277068514323	-0.00011917966919983834	20
0.155	-0.001806191075300024	0.004289871698603613	0.000037155870643804	-0.000127058044987812	20
0.16	-0.0018150502884017666	0.0042797417520089994	0.00003992675247586018	-0.00013516433067648729	20
0.165	-0.0018241910733087963	0.004269151794357211	0.00004282971697373216	-0.00014349464447060566	20
0.17	-0.001833608992760033	0.004258085976252415	0.00004586891023245531	-0.0001520447196343013	30
0.175	-0.0018432982776211977	0.004246528953851707	0.000049048467418736124	-0.0001608101536357878	20
0.18	-0.001853262455138434	0.004234465622701886	0.00005237323286490373	-0.00016978648589811678	20
0.185	-0.001863502067333495	0.0042218767733159576	0.00005584783588393814	-0.00017896839924114394	20
0.19	-0.001874005748302359	0.004208745443963572	0.00005947684683527836	-0.0001883507261275368	20
0.195	-0.0018847792625501	0.004195050303833712	0.0000632654795715029	-0.00019792747274913252	20
0.2	-0.0018958107883891003	0.004180772092947758	0.0000672183532679096	-0.00020769241687876354	20
0.205	-0.0019071065040492195	0.0041658911596388435	0.00007134115735937322	-0.0002176391492613402	50
0.21	-0.0019186535690899362	0.004150383335668008	0.00007563890357212184	-0.0002277607883182015	20
0.215	-0.001930457355570752	0.004134225147672593	0.00008011723582985209	-0.00023804910132202366	20
0.22	-0.001942503991765904	0.004117392032067084	0.00008478151911634912	-0.0002484964480575706	20
0.225	-0.0019547896757065443	0.004099858269002979	0.00008963738690155141	-0.0002590940760928688	30
0.23	-0.001967310238440295	0.004081595792200349	0.00009469068714605607	-0.000269832525997165	20
0.235	-0.001980055207271703	0.004062575981488063	0.00009994678076691922	-0.0002807014840035342	50
0.24	-0.0019930190701597907	0.004042766783895334	0.0001054121190650427	-0.0002916909404960972	50
0.245	-0.0020061942555219684	0.004022137729902762	0.00011109226975546399	-0.0003027885929965899	40
0.25	-0.0020195655919930614	0.004000657144981364	0.00011699275081380094	-0.00031398226261030907	20
0.255	-0.0020331261370846554	0.0039782861366412445	0.00012312016597354703	-0.00032525945979686025	30
0.26	-0.0020468580180170092	0.003954990261773663	0.00012947985004854682	-0.0003366057956794918	30
0.265	-0.0020607552448507387	0.003930724814358497	0.00013607825927256374	-0.00034800582823875815	20
0.27	-0.0020747941360801546	0.003905453084139457	0.00014292020379157335	-0.0003594431805125051	20
0.275	-0.0020889605824063566	0.0038791315207725597	0.00015001173132490398	-0.0003709009282884771	30
0.28	-0.002103238101017387	0.0038517119931109137	0.00015735852954857255	-0.00038236041520644615	20
0.285	-0.0021175996946143443	0.0038231440013917492	0.000164965002916018	-0.00039380084011800785	30
0.29	-0.0021320280537944266	0.003793379542591618	0.00017283669992959963	-0.0004052012369680135	60
0.295	-0.0021464941223725787	0.003762364222542394	0.00018097811640836994	-0.0004165393202882145	40
0.3	-0.002160967000421202	0.0037300403159728646	0.00018939272622720587	-0.0004277893792777277	70
0.305	-0.002175411245402357	0.0036963477265519584	0.00019808346354016745	-0.00043892446624396394	60
0.31	-0.0021897940494732216	0.0036612233672042097	0.00020705416073315227	-0.0004499179610019876	30
0.315	-0.0022040781542110553	0.003624599491128911	0.0002163064198814629	-0.00046073750760759167	70
0.32	-0.0022182153160682796	0.0035864013411998404	0.00022584133468016036	-0.0004713504527744933	80
0.325	-0.0022321580762461085	0.003546562600062121	0.0002356587901088906	-0.0004817226576315492	40
0.33	-0.0022458471199412644	0.003504996750992847	0.0002457566741971979	-0.0004918144128980965	40
0.335	-0.0022592252474204406	0.0034616227174252842	0.00025613284755390505	-0.0005015855993869787	80
0.34	-0.002272220505398442	0.0034163544380266505	0.00026678208867818195	-0.0005109931415956547	80
0.345	-0.0022847628323420695	0.0033691002516161948	0.0002776983565820489	-0.000519989882986126	40
0.35	-0.002296758404001807	0.0033197555126932314	0.00028887098812706096	-0.0005285236193258757	80
0.355	-0.0023081200771585047	0.0032682228195141058	0.00030028896872361587	-0.0005365410143591022	80
0.36	-0.0023187374104552	0.0032143929389436285	0.00031193577955980175	-0.0005439826661010329	60
0.365	-0.0023284922574450476	0.0031581505459782207	0.0003237932709450534	-0.0005507875827319703	40
0.37	-0.002337254575806573	0.0030993768101117915	0.0003358368123157155	-0.0005568859132959894	70
0.375	-0.00234486807791228	0.003037934969006553	0.0003480366986186516	-0.0005622039006820524	70
0.38	-0.002351174871924484	0.002973706137559863	0.0003603591419501654	-0.0005666661244510804	80
0.385	-0.0023559853532808665	0.0029065469655004273	0.00037276160707176107	-0.0005701874733300707	50
0.39	-0.002359086475727109	0.002836305566168917	0.00038519280979510757	-0.0005726753895173094	80
0.395	-0.002360237938470181	0.002762838410111314	0.0003975931874141751	-0.000574036744734873	90
0.4	-0.0023591751062205114	0.0026859866279019527	0.0004098902049361407	-0.0005741642980208841	80
0.405	-0.0023556008985431334	0.0026055848230362596	0.00042200254273058686	-0.0005729496406667084	90
0.41	-0.0023491493989692856	0.0025214741034359027	0.00043382337103282616	-0.0005702719129721773	70
0.415	-0.0023394545490343427	0.0024334915019965445	0.0004452411689072236	-0.0005660089736094589	40
0.42	-0.002326063427150768	0.0023414508750467114	0.00045611318569431416	-0.0005600214222639985	100
0.425	-0.002308450255020812	0.0022452060789262705	0.0004662702234193609	-0.000552171377727669	100
0.43	-0.0022860733151731432	0.0021445715178701613	0.0004755271345357839	-0.0005423067809212949	110
0.435	-0.0022582210560130583	0.0020394362493476267	0.00048363886868055055	-0.0005302762320996055	100
0.44	-0.0022241579922911313	0.00192962016315326	0.0004903425282365317	-0.0005159114054653003	100
0.445	-0.0021829970558441963	0.0018150223376112334	0.000495310732393586	-0.000499045696184706	110
0.45	-0.002133726292746662	0.0016956427781885143	0.000498160306168201	-0.00047953204155494743	110
0.455	-0.0020750169125359486	0.0015712570217827678	0.0004984006792944235	-0.0004571512451993435	110
0.46	-0.002005618889270026	0.0014420759313055584	0.0004955132829170803	-0.00043179006113993793	110
0.465	-0.0019237876913136298	0.0013081744250833585	0.0004888132166776399	-0.00040328908369726476	110
0.47	-0.001827413579275686	0.00116983893221955	0.00047745087100700787	-0.0003715292173192092	130
0.475	-0.001713556362317398	0.001027006015234868	0.0004602928832609571	-0.00033627876814073057	180
0.48	-0.0015791210731396627	0.0008806645198710637	0.0004360392180594202	-0.0002975939889666894	140
0.485	-0.0014190801143788806	0.0007290290663371111	0.0004027939778768736	-0.0002546778894862106	150
0.49	-0.0012277232207966982	0.0005671718335264867	0.0003583854323209288	-0.0002057002237836614	190
0.495	Undefined	Undefined	Undefined	Undefined	250