0.	-0.0034122029950455833	0.009777886033656992	0	0	20
0.005	-0.0033564567549354525	0.009509457745890135	-0.000026786742518843076	0.00007578969330309583	20
0.01	-0.0033012650888811796	0.00924846755753251	-0.00005256498109876033	0.0001468675786778937	20
0.015	-0.0032466348494652676	0.00899467025617989	-0.00007735452052801741	0.00021345725524999916	20
0.02	-0.003192559238175757	0.008747833871278716	-0.00010117500858055981	0.0002757718941442594	20
0.025	-0.0031390424136964632	0.008507729914411566	-0.0001240460228677467	0.00033401389785624587	20
0.03	-0.003086080951297525	0.008274145032687991	-0.00014598711388949293	0.00038837677037108925	20
0.035	-0.0030336711117344116	0.008046868247257904	-0.00016701723249083598	0.0004390438825082361	20
0.04	-0.0029818137461461035	0.007825702436543219	-0.0001871557751573772	0.00048619091594184424	20
0.045	-0.0029305042890027887	0.007610453902128083	-0.00020642113304795217	0.0005299840784628127	20
0.05	-0.0028797384460509355	0.007400939929803298	-0.00022483210499646023	0.0005705832165362031	20
0.055	-0.002829522983373152	0.007196982662471041	-0.00024240756953135582	0.0006081394929869639	20
0.06	-0.0027798446489438627	0.006998411849857227	-0.00025916506564873504	0.0006427979469966834	20
0.065	-0.0027307068145639717	0.006805062105238697	-0.0002751231417154288	0.0006746965550823486	20
0.07	-0.0026821039532916756	0.006616779408880632	-0.00029029907530871336	0.0007039669831461023	20
0.075	-0.002634030809226795	0.006433406762585439	-0.00030471035522587153	0.0007307348630721745	20
0.08	-0.002586490127946744	0.006254801517938192	-0.000318374865755602	0.0007551205106674408	20
0.085	-0.0025394699635236913	0.006080821077043424	-0.00033130845292832255	0.0007772380929210143	20
0.09	-0.002492974334055451	0.005911330673784278	-0.0003435289788074325	0.0007971975329387567	20
0.095	-0.0024469959072681265	0.005746198273800116	-0.0003550523361273238	0.0008151029984447124	30
0.1	-0.002401531437943614	0.0055852979416624714	-0.0003658948671682207	0.0008310545051520578	30
0.105	-0.002356578220379837	0.00542850975761419	-0.00037607274035044965	0.0008451478254909153	20
0.11	-0.002312134161603449	0.005275713617510289	-0.0003856019506465449	0.000857473741151594	30
0.115	-0.0022681903432056807	0.005126797792043839	-0.00039449703102072137	0.0008681194890836151	40
0.12	-0.0022247455890215297	0.004981653909640872	-0.00040277385919888667	0.0008771690186252705	20
0.125	-0.002181796357103	0.0048401723417170125	-0.0004104473694094592	0.0008847011807176023	60
0.13	-0.002139338204807179	0.004702255148865303	-0.00041753218184258263	0.0008907929164518288	20
0.135	-0.002097368229480593	0.004567803360420984	-0.0004240431458160789	0.0008955173761465064	20
0.14	-0.0020558811050302352	0.0044367216718710165	-0.0004299940883335991	0.0008989441010491836	20
0.145	-0.0020148742211559562	0.004308916810139345	-0.0004353992759591777	0.0009011396118219267	40
0.15	-0.001974342906923373	0.004184302388054728	-0.00044027233906325655	0.000902168351470803	20
0.155	-0.0019342851274023645	0.004062790201521198	-0.0004446273609070179	0.0009020912334556867	40
0.16	-0.001894691451307858	0.003944299136141582	-0.00044847634770028746	0.0009009671720236426	30
0.165	-0.0018555644012472501	0.0038287455284218225	-0.00045183377567673184	0.0008988514070940792	20
0.17	-0.0018168932746495934	0.0037160574114900014	-0.0004547109158326391	0.0008957990317098515	60
0.175	-0.001778684708720387	0.00360615332064389	-0.00045712299100661425	0.0008918600409403134	70
0.18	-0.0017409196017781456	0.0034989645393874013	-0.00045907858873246406	0.0008870846494587601	40
0.185	-0.0017036118696900566	0.003394418479578339	-0.00046059443081512895	0.0008815195153266447	70
0.19	-0.0016667423155424647	0.0032924476501849766	-0.0004616784657692125	0.0008752099593354913	40
0.195	-0.001630316058691971	0.003192985230296953	-0.0004623448293338065	0.0008681991029151254	50
0.2	-0.0015943281361576168	0.0030959683291509298	-0.0004626047646978844	0.00086052867193826	50
0.205	-0.0015587707690745797	0.003001332924028995	-0.0004624686019232152	0.0008522380337416425	80
0.21	-0.0015236400964700452	0.0029090245155624665	-0.000461947179146323	0.0008433665054859661	60
0.215	-0.0014889426430581276	0.00281897781838548	-0.0004610547037880851	0.0008339489018277006	40
0.22	-0.0014546631304513866	0.0027311378502206268	-0.00045979831798680353	0.0008240203470750633	70
0.225	-0.0014208002989774117	0.0026454518400064885	-0.00045818935215842895	0.0008136150418034962	60
0.23	-0.001387352980455824	0.002561866444571197	-0.0004562389325389411	0.000802765043303945	50
0.235	-0.0013543160534385448	0.0024803262613612913	-0.00045395668909063074	0.0007914998093668702	40
0.24	-0.0013216882631535173	0.002400784509753275	-0.00045135340744283716	0.0007798498349001971	90
0.245	-0.0012894657626587483	0.0023231946093336528	-0.0004484388320760481	0.0007678440176404293	80
0.25	-0.0012576453828865605	0.002247504354081284	-0.0004452226773300676	0.0007555076812870023	80
0.255	-0.001226218641134648	0.0021736692138499634	-0.00044171279611209354	0.0007428672907326355	40
0.26	-0.0011951836132398077	0.0021016477248412494	-0.00043791892355921	0.0007299486218794171	80
0.265	-0.0011645478754350289	0.002031389333724573	-0.00043385401238468525	0.0007167727634205386	80
0.27	-0.001134293888369773	0.0019628584973993106	-0.0004295220431444548	0.0007033648051667857	90
0.275	-0.0011044259191499645	0.0018960103090359885	-0.00042493457146311974	0.0006897451093907938	90
0.28	-0.001074935705906097	0.0018308099685575836	-0.00042009845250129456	0.0006759363673159919	90
0.285	-0.0010458257553216635	0.0017672132792185768	-0.000415024244623489	0.0006619563831130807	90
0.29	-0.001017088732696056	0.001705184426131477	-0.0004097187428587989	0.0006478249273108059	90
0.295	-0.0009887183064289317	0.0016446883213958549	-0.0004041889688599707	0.0006335609683497604	90
0.3	-0.0009607209411695487	0.001585687076257781	-0.0003984466280073202	0.0006191809160285646	90
0.305	-0.0009330885398324353	0.0015281439432410025	-0.00039249769569596086	0.0006047007153073014	90
0.31	-0.0009058119814154374	0.0014720286356924037	-0.0003863475445632262	0.0005901378255057126	110
0.315	-0.0008788977761126854	0.0014173083092568384	-0.00038000754956958024	0.0005755073138214457	110
0.32	-0.0008523413029169382	0.0013639469460092904	-0.00037348460057267323	0.0005608222155190429	90
0.325	-0.0008261298954785334	0.0013119139986954092	-0.0003667819437507474	0.0005460967687348468	100
0.33	-0.0008002694887022625	0.0012611835390233938	-0.0003599105686918928	0.0005313460980139939	120
0.335	-0.0007747545552436788	0.0012117166438522428	-0.00035287624192174914	0.0005165788330361816	100
0.34	-0.0007495779092603678	0.001163490808702798	-0.0003456841402245452	0.0005018099235245884	100
0.345	-0.0007247451279137525	0.0011164740626196594	-0.00033834470689894256	0.0004870491036948488	100
0.35	-0.0007002489368303266	0.0010706397191865228	-0.0003308626092921664	0.00047230764915514933	90
0.355	-0.0006760754246001811	0.0010259621344891928	-0.0003232394017114062	0.00045759672899651306	120
0.36	-0.0006522436603275742	0.0009824125518519435	-0.00031549133309089096	0.0004429247483812075	100
0.365	-0.0006287264823229721	0.0009399583944248871	-0.0003076133984306417	0.00042829821169744367	100
0.37	-0.0006055294845647856	0.0008985881461371973	-0.00029961566664561966	0.00041373213038572364	120
0.375	-0.0005826520670865423	0.0008582476711403792	-0.0002915046379034479	0.0003992208659036236	110
0.38	-0.0005600922573469418	0.000818945424816332	-0.000283287070384464	0.0003847876290495991	100
0.385	-0.0005378313514792298	0.0007806362038086541	-0.00027496059369796263	0.00037042976521780435	110
0.39	-0.0005158764445192853	0.0007433011509898204	-0.00026653542868604514	0.00035615598509237343	150
0.395	-0.0004942234844221305	0.0007069069220094698	-0.0002580161542003455	0.00034196748896476287	130
0.4	-0.00047286254438362184	0.0006714504623105635	-0.0002494047783028963	0.00032787991955403984	140
0.405	-0.0004517859466605912	0.0006368763478977705	-0.0002407031609848371	0.00031388207017297456	130
0.41	-0.00043100797537129904	0.0006031875229144633	-0.00023192526209234814	0.00029999093145714495	130
0.415	-0.0004104829262248572	0.0005703427971557188	-0.00022305346907397378	0.00028620174342597907	130
0.42	-0.0003902466263376507	0.0005383216906860596	-0.0002141120777457568	0.00027251804622172574	140
0.425	-0.00037024773768086364	0.0005070738890261453	-0.00020507954600218194	0.0002589288324055028	130
0.43	-0.00035049378037151514	0.0004766338888763255	-0.00019596621473280933	0.00024546580253765883	150
0.435	-0.00033102603436992894	0.00044688935623018414	-0.00018679754358060375	0.00023208186661225825	140
0.44	-0.00031174455744001887	0.00041786812486105455	-0.00017752634322427456	0.00021880635276959613	150
0.445	-0.00029265807980512974	0.0003894830707571107	-0.0001681601535772678	0.00020560409288864889	160
0.45	-0.00027378181925096114	0.0003617670322304831	-0.00015871285768239893	0.00019250394443773305	150
0.455	-0.00025499258865866283	0.0003346280286996932	-0.00014911898302797283	0.00017946923526441025	160
0.46	-0.00023632083102765304	0.00030802638624214144	-0.0001393977098227805	0.0001664873117340295	170
0.465	-0.0002178606619197884	0.0002818411948988109	-0.0001296025690189282	0.0001534972729169397	170
0.47	-0.00019935387906016167	0.0002559667051886685	-0.00011958883825240998	0.00014045306784384894	200
0.475	-0.00018034262252122636	0.00023076765242208402	-0.00010910437133480205	0.0001275815698756539	230
0.48	-0.0001614115689174974	0.00020472908013606126	-0.00009844268415091557	0.00011400536272641643	210
0.485	-0.00014236198638667796	0.00017890295290669706	-0.0000875166828545559	0.00010033205604455328	250
0.49	Undefined	Undefined	Undefined	Undefined	250
0.495	Undefined	Undefined	Undefined	Undefined	250