0.	-0.0642240156119966	0.05064816296578325	0	0	20
0.005	-0.06434139527768526	0.05080525315171993	0.00013039076498762487	-0.00010331367344131799	20
0.01	-0.06446629088067109	0.05096667964567308	0.0002647094464141942	-0.00021069931415242885	20
0.015	-0.06459878414508588	0.05113250594043097	0.00040303359175761135	-0.0003222217122578059	20
0.02	-0.06473895407566684	0.051302797287045176	0.0005454363617022786	-0.0004379433691068199	20
0.025	-0.06488690144025361	0.051477619332924336	0.0006919969488180631	-0.0005579307990410395	20
0.03	-0.06504271879846438	0.051657045301240594	0.0008428037546579337	-0.0006822568536276496	20
0.035	-0.06520651429253953	0.051841144815929587	0.0009979358628765477	-0.0008109887613962493	20
0.04	-0.06537839416849095	0.05202999996159204	0.0011574922720598002	-0.0009442068175711597	20
0.045	-0.06555848278401512	0.05222368723766404	0.0013215669600191375	-0.0010819882805244542	20
0.05	-0.06574690504697175	0.052422292734216176	0.001490261375191613	-0.0012244156128551327	20
0.055	-0.06594379013946756	0.05262590258315765	0.0016636809744497414	-0.0013715743973584018	20
0.06	-0.06614928425004303	0.05283460832263355	0.0018419335816695955	-0.001523551468986057	20
0.065	-0.06636353259187396	0.05304850595002544	0.0020251404313129068	-0.0016804434715441475	20
0.07	-0.06658668666527996	0.053267692160216026	0.0022134143365310746	-0.0018423410051201872	20
0.075	-0.06681892110507222	0.05349227202132424	0.0024068880408864776	-0.0020093481667359373	20
0.08	-0.06706040283580518	0.05372235146021104	0.0026056943536683368	-0.0021815697832909416	20
0.085	-0.0673113151340081	0.0539580444481919	0.0028099659437874837	-0.0023591103688695493	20
0.09	-0.06757185409270179	0.05419946649071157	0.003019853865921199	-0.00254208646780669	20
0.095	-0.06784221995543788	0.05444673773828998	0.0032355034838539736	-0.002730611478057956	20
0.1	-0.06812262299395333	0.054699986875285274	0.003457081083075911	-0.0029248126547718996	20
0.105	-0.06841329470119184	0.054959342388736905	0.003684745596559282	-0.003124811914822281	20
0.11	-0.06871446210368035	0.05522494674108189	0.003918671608574993	-0.003330742538460547	20
0.115	-0.06902637636704458	0.05549693823599701	0.004159043763252069	-0.003542743944870505	20
0.12	-0.06934929523551621	0.05577546736539154	0.00440605153393345	-0.003760958738638637	20
0.125	-0.06968349390611936	0.05606069059305279	0.004659892523872284	-0.003985534728174308	20
0.13	-0.0700292581250898	0.0563527687680856	0.004920777638531746	-0.004216628805034058	20
0.135	-0.07038688759940485	0.056651870723754036	0.005188925007578374	-0.004454402213594829	20
0.14	-0.07075670245117258	0.05695817369684834	0.005464561765167993	-0.004699022266674205	20
0.145	-0.07113903116869587	0.05727186014194874	0.005747931218886473	-0.004950666282185928	20
0.15	-0.07153422681013424	0.05759312162650267	0.006039284301475295	-0.0052095169448868155	20
0.155	-0.07194265725725019	0.05792215859121694	0.006338887250912791	-0.00547576505507509	20
0.16	-0.07236470471264678	0.058259179771452556	0.006647018136154113	-0.005749612245417209	20
0.165	-0.07280078073529939	0.058604403110902314	0.006963965174479901	-0.006031261941984147	20
0.17	-0.07325131154340879	0.05895805750208548	0.007290037336034509	-0.006320934190438481	20
0.175	-0.0737167508996155	0.05932037957344795	0.007625555274477718	-0.006618852182662371	20
0.18	-0.07419757156932623	0.05969161835899767	0.00797086496636277	-0.006925260508209253	20
0.185	-0.07469427263330954	0.06007203543569942	0.008326316238968836	-0.0072403998523600886	20
0.19	-0.07520738148872956	0.06046190255770391	0.008692287038175307	-0.007564531598782854	20
0.195	-0.07573745940466028	0.06086150449764082	0.009069173500702356	-0.00789792561791142	20
0.2	-0.07628508598347879	0.06127114150096055	0.009457389824305239	-0.008240863624041405	20
0.205	-0.07685088561576392	0.06169112516793026	0.009857382274613306	-0.00859364819218885	20
0.21	-0.07743550997504317	0.062121783869806615	0.010269608775499884	-0.008956582060261013	20
0.215	-0.07803965244137129	0.06256346200996846	0.01069456664371828	-0.009329997506646185	20
0.22	-0.07866404700789438	0.0630165222284491	0.011132771306375668	-0.00971423511600408	20
0.225	-0.07930946166263005	0.06348134214512711	0.011584764457695683	-0.01010964576765532	20
0.23	-0.07997672305301227	0.06395832060824364	0.012051135674904078	-0.01051661272849713	20
0.235	-0.08066669724758765	0.06444787962591594	0.01253249751000594	-0.010935531909060792	20
0.24	-0.0813803063150993	0.06495045634572305	0.013029500849708896	-0.011366815169570091	20
0.245	-0.0821185352187546	0.06546651841688875	0.013542838581169957	-0.011810901129976827	20
0.25	-0.08288241876909731	0.06599655394553458	0.0140732349545957	-0.012268240496548854	20
0.255	-0.08367306421012809	0.06654107793699915	0.01462147816417287	-0.012739323380962113	20
0.26	-0.08449165640001782	0.0671006347428344	0.015188419591417722	-0.013224680400759862	20
0.265	-0.0853394443168602	0.06767580013956861	0.015774908719746017	-0.013724816724946323	20
0.27	-0.08621777161165733	0.06826718130622818	0.01638191408297855	-0.014240323336583139	20
0.275	-0.0871280687050245	0.06887542088005184	0.017010430869547226	-0.014771789279459902	20
0.28	-0.08807186366020116	0.06950119912907039	0.017661536503551588	-0.01531985255604033	20
0.285	-0.0890507989209049	0.07014523673916181	0.018336374442819176	-0.015885177557308217	20
0.29	-0.09006662440147563	0.07080829768209455	0.019036196769537134	-0.016468494974809525	20
0.295	-0.09112122803597512	0.07149119254352913	0.019762313776219814	-0.017070548888437898	20
0.3	-0.09221663405616125	0.07219478782599184	0.02051612724303408	-0.01769211664940609	20
0.305	-0.09335501665279712	0.07291999473344662	0.02129920616654034	-0.018334097876647887	20
0.31	-0.09453872960114508	0.07366779521501853	0.022113152303306568	-0.01899735339617079	20
0.315	-0.09577030240964922	0.07443923030855296	0.022959778910523924	-0.019682886593527047	20
0.32	-0.09705247954149694	0.07523541283236497	0.023840954627798394	-0.020391676124819	20
0.325	-0.09838822936349788	0.0760575299815452	0.024758796128393573	-0.02112486887428945	20
0.33	-0.09978076807805086	0.07690685674172869	0.0257155324222195	-0.02188360958183855	20
0.335	-0.1012336007029175	0.07778475710827236	0.026713577521048207	-0.02266913710338142	20
0.34	-0.10275054230512021	0.078692694620086	0.027755644353030705	-0.023482832382138063	20
0.345	-0.10433575491111499	0.07963224348759171	0.028844582221712087	-0.024326113680505246	20
0.35	-0.10599379242037581	0.0806050998767058	0.0299835637472478	-0.025200531052775806	20
0.355	-0.10772965172549882	0.08161309010738328	0.03117608932356831	-0.026107774749805888	20
0.36	-0.1095488259390651	0.08265818866161834	0.03242594026522369	-0.027049634444898885	20
0.365	-0.11145737132046096	0.08374253745342261	0.033737282778394065	-0.02802804142839676	20
0.37	-0.11346197810122582	0.08486845017575874	0.03511478165177309	-0.0290451268038344	20
0.375	-0.11557007414006988	0.08603844744727557	0.036563525652350846	-0.030103141333629183	20
0.38	-0.11778991599729471	0.08725527814269285	0.038089182633917175	-0.031204561712264597	20
0.385	-0.12013072246457124	0.08852193031309923	0.039698187791937664	-0.03235217719368588	20
0.39	-0.12260282479090256	0.08984169512105086	0.04139746812912545	-0.03354880231663711	20
0.395	-0.12521783713349693	0.09121815653233123	0.043195158366123976	-0.03479783413166203	20
0.4	-0.1279889008658926	0.09265528700060591	0.04510010476589032	-0.03610270835889099	20
0.405	-0.13093091249950664	0.0941574558992081	0.04712249761303214	-0.03746740686949064	20
0.41	-0.13406088586106374	0.0957295157787286	0.049273804750210606	-0.038896107912990904	20
0.415	-0.13739833307024457	0.09737685144346839	0.05156739953225309	-0.04039382730608644	20
0.42	-0.14096578700527476	0.09910549008143693	0.05401838986035616	-0.04196575325929551	20
0.425	-0.14478942758920213	0.10092218180692286	0.05664439268023749	-0.04361786340253949	40
0.43	-0.14889993904398274	0.10283458717833913	0.0594659802453701	-0.04535688509067527	40
0.435	-0.15333353605492242	0.10485137575723474	0.06250745197441955	-0.04719057150053993	40
0.44	-0.15813341999516384	0.10698251775183297	0.06579728629361203	-0.049127302921595964	40
0.445	-0.16335167620614371	0.10923953917405305	0.06937003851879674	-0.05117717005523643	40
0.45	-0.16905190056921782	0.11163598798011608	0.07326754074685791	-0.053351760885759505	40
0.455	-0.17531293387404415	0.11418805521380072	0.07754114859907071	-0.05566462322252511	40
0.46	-0.18223427213857912	0.11691555722117952	0.08225561964765359	-0.05813235532593595	40
0.465	-0.1899443689298866	0.11984362304539639	0.08749310426832094	-0.06077491499729952	40
0.47	-0.19861377464312116	0.12300563386870311	0.09336217017573048	-0.06361855736354396	40
0.475	-0.20847779769256108	0.12644915024958425	0.10001043233510472	-0.06669881761139256	40
0.48	-0.21987897982200735	0.13024877995819878	0.10764949070768465	-0.07006895600474095	50
0.485	-0.23335831356508863	0.13453864158653683	0.11660629449506568	-0.07381894742194337	50
0.49	-0.24989653311784454	0.13961080774544612	0.1274581398592169	-0.07813511450064364	60
0.495	-0.271838408006266	0.14633801140480124	0.14153939717347103	-0.08355134959976156	70