0.	-0.010210392832542816	0.02133560421137903	0	0	20
0.005	-0.01005928902677991	0.02089745400390321	-0.00008025416359003557	0.00016654216428548037	20
0.01	-0.00991157758024197	0.020467924731179088	-0.0001577207063395568	0.00032499984463369076	20
0.015	-0.00976612565547409	0.020048407072691704	-0.00023247673403635003	0.00047570293550765403	20
0.02	-0.009622874666319151	0.019638592086960865	-0.000304597004124809	0.000618967091776859	20
0.025	-0.009481778684921907	0.01923817761680191	-0.000374153508180375	0.0007550927866658657	20
0.03	-0.009342786140822377	0.018846876474684658	-0.0004412165425400922	0.0008843684236688602	20
0.035	-0.009205843862238364	0.01846441341412713	-0.0005058528501291535	0.0010070681062720936	20
0.04	-0.009070910411951311	0.018090522870715886	-0.0005681285677517287	0.0011234554672937846	20
0.045	-0.00893793613589436	0.01772494527225976	-0.0006281056859827647	0.0012337800621504023	20
0.05	-0.008806875708864053	0.017367437505814834	-0.0006858461198416853	0.001338283715895452	20
0.055	-0.008677693035260645	0.01701776039736516	-0.0007414087319586532	0.0014371948960079561	20
0.06	-0.008550337158050767	0.01667568517568116	-0.0007948504706259589	0.0015307341954309908	20
0.065	-0.008424774096429727	0.016340989622271766	-0.0008462274201864698	0.0016191120521328829	20
0.07	-0.008300960623534168	0.016013463881661576	-0.0008955921588387689	0.0017025291669759027	20
0.075	-0.008178854945131661	0.015692900194086538	-0.0009429969126628703	0.001781179213859284	20
0.08	-0.008058426477603816	0.01537910161501091	-0.0009884925709970193	0.0018552468627945603	20
0.085	-0.007939631132571432	0.015071876402058884	-0.001032126510335529	0.001924908443674919	20
0.09	-0.007822437511269403	0.014771041837482613	-0.001073946954862249	0.0019903346616239256	20
0.095	-0.0077068083013889545	0.014476418206739217	-0.0011139988319639773	0.0020516873272247594	20
0.1	-0.007592710194620498	0.014187833789412758	-0.0011523265971551287	0.0021091225882343663	20
0.105	-0.007480111101034527	0.013905122644477064	-0.0011889733202245824	0.0021627900550161964	20
0.11	-0.007368978795866274	0.01362812474805836	-0.0012239804588186855	0.0022128330673335953	20
0.115	-0.00725927900668502	0.013356682887344488	-0.0012573873641708777	0.002259388229350952	20
0.12	-0.007150981472421787	0.01309065036693241	-0.0012892337559404275	0.0023025890297936474	20
0.125	-0.007044055002002008	0.012829876717236247	-0.001319556838176297	0.0023425607058351365	20
0.13	-0.006938473316576264	0.012574223554168151	-0.0013483936680907353	0.0023794250002309274	20
0.135	-0.006834204991024448	0.012323558602192732	-0.001375779710138821	0.0024132999749951166	20
0.14	-0.006731222386224653	0.012077745903906274	-0.0014017489025075097	0.002444296146041733	20
0.145	-0.006629498689421787	0.011836659753684753	-0.0014263346519036314	0.0024725213868481916	20
0.15	-0.006529006748711872	0.011600175173604172	-0.0014495691533348595	0.002498078639332969	20
0.155	-0.00642972227654138	0.011368172347985463	-0.0014714845385445487	0.0025210676206272203	20
0.16	-0.006331612599817947	0.011140537165392697	-0.0014921093269764196	0.0025415837417833652	20
0.165	-0.006234659209433346	0.010917154308032268	-0.0015114742350778865	0.0025597176965256934	20
0.17	-0.006138831560214138	0.010697916274313341	-0.0015296063365515373	0.0025755578358677674	20
0.175	-0.006044113476099451	0.01048271787262358	-0.0015465353626646318	0.0025891890698273535	20
0.18	-0.005950469144129573	0.010271454091577804	-0.0015622847942168613	0.002600691831727228	20
0.185	-0.0058578913785483945	0.010064025953760517	-0.0015768847484698575	0.002610144495631388	20
0.19	-0.005766339150063204	0.009860336978049205	-0.0015903552967821023	0.0026176218726199608	20
0.195	-0.005675803619525518	0.009660290188843314	-0.0016027243794380975	0.0026231953828135665	20
0.2	-0.005586257803861786	0.00946379816266272	-0.0016140140600417034	0.0026269352108713676	20
0.205	-0.005497676766886721	0.009270767430540746	-0.0016242464792392461	0.0026289071727140633	20
0.21	-0.00541004145757102	0.009081118392238493	-0.0016334433606501443	0.002629176018510602	20
0.215	-0.00532333554867076	0.008894759934285993	-0.001641628266883141	0.0026278024136835564	20
0.22	-0.0052375332472454905	0.008711610691816276	-0.001648819473593825	0.0026248445807295776	20
0.225	-0.0051526092092918346	0.008531593255778906	-0.0016550355586259324	0.0026203602876463516	40
0.23	-0.005068549010925201	0.00835462937833828	-0.0016602973832609343	0.002614403870165624	20
0.235	-0.004985332004889954	0.008180641470243086	-0.001664622961418281	0.002607026766414585	40
0.24	-0.0049029393866216265	0.008009553929784629	-0.001668030399720898	0.0025982786408701233	20
0.245	-0.004821350377592516	0.00784130130081097	-0.0016705363864718834	0.0025882097924386197	20
0.25	-0.0047405483243647744	0.0076758048095702655	-0.0016721581096231814	0.0025768634406473133	20
0.255	-0.004660506774748838	0.00751300117286252	-0.0016729092452832464	0.0025642861451776436	70
0.26	-0.004581209405874679	0.007352822253854408	-0.001672805603672745	0.0025505197478115195	40
0.265	-0.00450264337898968	0.007195196401885569	-0.0016718637624933896	0.0025356027124576255	30
0.27	-0.004424779185193961	0.007040067224926159	-0.0016700937105565612	0.0025195766334534225	50
0.275	-0.004347609020274172	0.006887363525602885	-0.0016675128451484218	0.002502476023757255	40
0.28	-0.004271099551054493	0.006737031255793292	-0.0016641284145428915	0.0024843393098010896	50
0.285	-0.004195246886770823	0.006589002287086839	-0.0016599576985225485	0.0024651973347995845	60
0.29	-0.004120024383961149	0.006443220139578489	-0.0016550090161379337	0.00244508357357505	40
0.295	-0.004045408345734416	0.006299627872851275	-0.0016492913899750859	0.0024240297967260288	40
0.3	-0.003971391665729985	0.00615816137283971	-0.0016428191116477971	0.0024020622746593638	40
0.305	-0.0038979454229158437	0.006018769164806022	-0.0016355977804661795	0.0023792110576978595	60
0.31	-0.0038250497170153916	0.00588139265821104	-0.0016276358551563363	0.0023555015732501564	40
0.315	-0.003752690737925721	0.005745975475709421	-0.0016189431298822524	0.002330957629068384	50
0.32	-0.0036808481414130033	0.005612459528510679	-0.0016095268558255268	0.002305601486920835	50
0.325	-0.003609489649734697	0.00548079432376017	-0.0015993882703879455	0.0022794565102947036	80
0.33	-0.003538609748421748	0.005350921310112427	-0.0015885393868986244	0.0022525410671880735	100
0.335	-0.003468177016131519	0.005222787729250186	-0.0015769802495696006	0.0022248740777484743	110
0.34	-0.003398166628337324	0.005096338469048585	-0.0015647135408529392	0.002196472540720249	70
0.345	-0.00332856671963772	0.0049715156181723355	-0.0015517467470613877	0.0021673501162198217	80
0.35	-0.003259350100265142	0.004848267747373578	-0.0015380797306832677	0.002137521631811302	40
0.355	-0.003190475618020977	0.004726538723641053	-0.0015237058015554338	0.00210699908266906	110
0.36	-0.0031219431364294652	0.00460626759919161	-0.0015086356839784489	0.0020757898218798356	50
0.365	-0.003053702008150065	0.004487401769473907	-0.001492856732801381	0.002043904362292498	40
0.37	-0.00298573504389657	0.004369876764543473	-0.0014763704829708253	0.0020113455681146073	100
0.375	-0.0029180031939882623	0.00425363434560682	-0.0014591677460446789	0.0019781180686794446	110
0.38	-0.002850491814319532	0.0041386166007434345	-0.0014412501990020235	0.0019442248814440417	90
0.385	-0.0027831458821338476	0.004024746345246681	-0.0014225990878625808	0.0019096587916322648	110
0.39	-0.00271593909689216	0.003911963636494788	-0.0014032084882509446	0.0018744185652192836	110
0.395	-0.0026488127342222862	0.003800195103564636	-0.0013830558760964248	0.0018384957849920675	130
0.4	-0.0025817360573887884	0.003689364355455579	-0.0013621313372795762	0.001801878376567058	120
0.405	-0.0025146612871162076	0.003579385757462478	-0.0013404150567493081	0.0017645478277313858	120
0.41	-0.002447535328029911	0.003470174253894064	-0.001317883562994161	0.0017264844198701535	140
0.415	-0.002380265359874011	0.003361620626846598	-0.0012944912173672076	0.001687654838425512	150
0.42	-0.002312807571815925	0.003253637331119999	-0.0012702164620166905	0.0016480341742372972	120
0.425	-0.0022450759546199565	0.003146091165785831	-0.0012450134532441559	0.0016075723612898837	70
0.43	-0.002176947909926592	0.003038852537216109	-0.0012188150353613643	0.0015662193603981985	140
0.435	-0.0021083630719034275	0.0029317514518635347	-0.0011915840993902184	0.0015238999455442412	150
0.44	-0.0020391525617984322	0.0028246072516534397	-0.0011632231660126677	0.001480532176189951	140
0.445	-0.0019691715026170903	0.002717210755595691	-0.0011336435876964038	0.0014360147278362281	140
0.45	-0.001898215193982061	0.0026092675743273086	-0.0011027191685713204	0.0013901974406346316	160
0.455	-0.001826060049328599	0.0025004882481565486	-0.0010703085844140851	0.0013429277114949535	170
0.46	-0.0017523035986437218	0.002390441669692595	-0.0010361629137838203	0.0012939734956052616	160
0.465	-0.0016766575315643269	0.002278557352671181	-0.001000085800805456	0.0012430140704946778	220
0.47	-0.0015984726158128986	0.002164115281452811	-0.0009616659858096687	0.0011896429723208344	190
0.475	-0.0015169763605396998	0.0020459287877809297	-0.0009203965265754661	0.0011331777875704845	200
0.48	-0.0014307668034392758	0.0019223951659000649	-0.0008753804550354616	0.0010726925855789192	240
0.485	Undefined	Undefined	Undefined	Undefined	250
0.49	Undefined	Undefined	Undefined	Undefined	250
0.495	Undefined	Undefined	Undefined	Undefined	250