0.	-0.03549629503774458	0.04128468552935518	0	0	20
0.005	-0.03558785838586961	0.041436194864129375	0.0000720751560871321	-0.00008420415740014645	20
0.01	-0.03568341223889559	0.041590739383658704	0.00014634054463526336	-0.00017170897029658585	20
0.015	-0.03578301582379226	0.04174837790912242	0.00022284177995196948	-0.00026256848197007797	20
0.02	-0.03588672794827834	0.04190916518702448	0.00030162194868052744	-0.0003568344247266975	20
0.025	-0.03599462111881385	0.04207316001821365	0.0003827276228857652	-0.0004545616842220034	20
0.03	-0.03610676045518458	0.04224042568180662	0.0004662106515180709	-0.0005558102439174352	20
0.035	-0.036223223973283245	0.04241101878500124	0.0005521175753052852	-0.0006606348684806641	20
0.04	-0.03634408080618891	0.04258501121326266	0.0006405063155102531	-0.0007691012807611584	20
0.045	-0.03646941689684382	0.04276246456411621	0.0007314320054777793	-0.0008812721593561463	20
0.05	-0.036599319522535464	0.042943449087693326	0.0008249541538546592	-0.0009972142953899577	20
0.055	-0.03673386948977694	0.043128036011200584	0.0009211343806228335	-0.001116996756614405	20
0.06	-0.03687316568695846	0.0433163002221046	0.0010200359340486911	-0.0012406893837370704	20
0.065	-0.037017303996232306	0.04350831718475426	0.0011217296985728304	-0.0013683698098663909	20
0.07	-0.03716637922170256	0.04370416221030581	0.0012262816931826411	-0.0015001102010423733	20
0.075	-0.037320506373713154	0.043903920566093185	0.00133376962082752	-0.0016359938658580741	20
0.08	-0.037479789984396966	0.044107674068964285	0.0014442710447637236	-0.0017761041222794107	20
0.085	-0.03764434701102219	0.04431551174579981	0.001557863638838646	-0.0019205236508036453	20
0.09	-0.037814301766443896	0.04452752171219691	0.0016746357500934733	-0.0020693448633114734	20
0.095	-0.03798977999139461	0.04474379700500064	0.0017946724102072306	-0.002222656959608362	20
0.1	-0.03817091111793288	0.04496443476333516	0.0019180707211180858	-0.0023805603823680794	20
0.105	-0.0383578408205082	0.04518953368644701	0.002044923776705443	-0.002543150538818136	20
0.11	-0.03855070789918805	0.045419198613326134	0.0021753335613264027	-0.0027105316844144834	20
0.115	-0.03874966774292095	0.04565353562085579	0.0023094080205341184	-0.0028828129122827587	20
0.12	-0.03895487927189548	0.04589265445709914	0.0024472580270630184	-0.003060105127721596	20
0.125	-0.03916651021745029	0.04613667223451577	0.0025889991312041793	-0.0032425231395443255	20
0.13	-0.03938473395847155	0.04638570691132992	0.002734754571062623	-0.0034301885733962114	20
0.135	-0.03960973291425805	0.04663988249681257	0.0028846519454429347	-0.003623226061174728	20
0.14	-0.03984170340527916	0.04689932650648377	0.0030388242526488973	-0.00382176428378828	20
0.145	-0.040080839764685315	0.04716417298688696	0.003197413488802349	-0.004025939929982829	20
0.15	-0.04032735712797972	0.04743455951195068	0.0033605665329037838	-0.0042358929054954475	20
0.155	-0.0405814759223873	0.047710629309379526	0.0035284391898706743	-0.004451769304559586	20
0.16	-0.040843424687224	0.047992531965379795	0.0037011937613628575	-0.004673722828429495	20
0.165	-0.04111345049556046	0.04828042162454338	0.0038789991302510124	-0.004901908080924541	20
0.17	-0.04139180746095712	0.04857446005589261	0.004062035793034432	-0.005136492037892894	20
0.175	-0.04167876688090205	0.04887481288434113	0.004250491634465547	-0.005377643511841756	20
0.18	-0.04197460763967585	0.04918165585119303	0.004444568334287843	-0.005625547368161729	20
0.185	-0.04227962603986089	0.049495169916337525	0.004644470766119934	-0.005880384228060238	20
0.19	-0.042594135833984394	0.049815542823415514	0.004850419910379335	-0.006142350105708577	20
0.195	-0.04291846722870778	0.05014297082032394	0.005062647241772535	-0.006411646759203122	20
0.2	-0.04325296139476842	0.05047765962021725	0.0052813947801482195	-0.006688483956756709	20
0.205	-0.043597986949447616	0.05081982144994398	0.005506923122212128	-0.006973086659633804	20
0.21	-0.04395392748858462	0.05116967809024166	0.005739500367235983	-0.007265678658596547	20
0.215	-0.04432118823427687	0.0515274623315921	0.005979416495910639	-0.007566505492374208	20
0.22	-0.04470020017073881	0.05189341549566675	0.006226972496612268	-0.007875816895107222	20
0.225	-0.04509141049322091	0.05226778943765167	0.0064824847118389525	-0.008193869596941525	20
0.23	-0.0454953017429184	0.05265084838063821	0.006746296988304966	-0.008520943781131367	20
0.235	-0.045912379368735434	0.05304286877587321	0.007018766569816251	-0.00885732665188991	20
0.24	-0.04634317889933358	0.05344413603000549	0.007300273114165655	-0.009203316237475556	20
0.245	-0.046788271988643375	0.05385495381221219	0.007591220249863728	-0.009559228478564514	20
0.25	-0.04724825779925672	0.05427563557817198	0.007892030024239863	-0.009925385727256859	20
0.255	-0.047723774458360665	0.054706511119976736	0.008203160702344219	-0.010302138520644984	20
0.26	-0.04821550953289666	0.0551479246688666	0.008525107376141683	-0.010689865078901142	20
0.265	-0.048724178753424295	0.055600239407567614	0.008858364251556115	-0.011088919594428434	20
0.27	-0.049250555997243324	0.05606383380414175	0.009203493448286318	-0.01149971955932779	20
0.275	-0.0497954611910267	0.056539104600623113	0.009561072699604607	-0.011922675427240619	20
0.28	-0.05035976768838982	0.0570264698692761	0.009931726104656572	-0.012358230836486784	20
0.285	-0.050944414694470246	0.0575263668129466	0.010316116238782785	-0.012806843657930406	20
0.29	-0.051550397130878736	0.05803925499839588	0.010714966414213007	-0.013269017363942611	20
0.295	-0.052178787684999825	0.058565615879308315	0.011129033634011999	-0.013745257436320029	20
0.3	-0.052830736238243164	0.0591059585624238	0.01155912848687304	-0.01423608766208596	20
0.305	-0.05350746762014601	0.059660812904671616	0.012006151751649189	-0.014742117022147845	20
0.31	-0.05421031143233306	0.06023074246186283	0.012471026705888188	-0.015263913424631407	20
0.315	-0.054940687045943175	0.06081633647081275	0.012954792901920765	-0.01580214431311526	20
0.32	-0.055700134084119675	0.06141821581777456	0.013458522972564363	-0.016357443586495102	20
0.325	-0.05649030787524063	0.06203703476977389	0.013983424892042882	-0.01693056065357304	20
0.33	-0.05731299888323544	0.06267347851735082	0.014530772458737705	-0.017522225557061896	20
0.335	-0.058170148311662465	0.06332827402990761	0.015101938392076367	-0.018133220615836214	20
0.34	-0.05906386397199896	0.06400218466760417	0.01569846434618078	-0.01876441903754781	20
0.345	-0.059996433415012665	0.06469601120078716	0.01632196140832492	-0.01941669057591447	20
0.35	-0.0609703502343841	0.06541059801805499	0.016974221254760197	-0.02009098072258001	20
0.355	-0.06198833303456433	0.06614683569191909	0.017657212515038975	-0.02078831020132086	20
0.36	-0.06305336076619192	0.06690565894374068	0.018373053364825573	-0.021509732560291837	20
0.365	-0.06416869431561364	0.06768804938166043	0.019124067365484294	-0.02225636338257956	20
0.37	-0.06533791758771779	0.06849503362976268	0.019912847711308856	-0.023029421586479457	20
0.375	-0.06656498069443502	0.06932768853214251	0.020742207373742504	-0.02383015189013321	20
0.38	-0.06785424506740789	0.07018714475633508	0.02161526179657844	-0.024659897649484886	20
0.385	-0.06921054469576163	0.07107455991594441	0.02253553080262773	-0.025520152399537237	20
0.39	-0.07063924328861948	0.0719911575086932	0.02350677166079955	-0.026412323289652942	20
0.395	-0.07214631815735784	0.07293816974515413	0.02453337212588412	-0.02733813732170308	20
0.4	-0.07373846699500529	0.0739168773148245	0.025620060665149377	-0.02829919767426721	20
0.405	-0.07542318641358318	0.07492855441989638	0.026772231456291776	-0.029297333713273747	20
0.41	-0.07720893377391295	0.07597447253057452	0.027995901208439658	-0.03033430857028903	20
0.415	-0.07910527069249697	0.0770558532566373	0.029297998374393945	-0.031412228102045074	20
0.42	-0.08112305358615135	0.07817383937523936	0.030686248281009937	-0.032532995455612446	20
0.425	-0.08327466850730668	0.07932940348281001	0.03216952302737697	-0.03369866590014542	40
0.43	-0.08557432735129739	0.08052330850788524	0.03375800522903344	-0.03491130961564067	40
0.435	-0.08803839117018274	0.0817559207130017	0.03546348052707856	-0.03617304929634321	40
0.44	-0.09068582325195385	0.08302707173644351	0.03729941948990395	-0.03748556194652376	40
0.445	-0.09353873464472787	0.08433577043581833	0.0392817350286182	-0.03885056393800135	40
0.45	-0.09662303204778266	0.08567983145280537	0.041429031382348054	-0.04026922247944623	40
0.455	-0.09996929437454244	0.08705533729357423	0.043763196158770466	-0.0417418699783521	40
0.46	-0.1036138110994899	0.08845578259609306	0.046310491748624394	-0.043267838984735234	40
0.465	-0.10759996755453152	0.08987090815978294	0.04910200225596394	-0.044844192112679364	40
0.47	-0.11197984792446622	0.0912847865108098	0.052175514452523636	-0.04646535689855947	40
0.475	-0.11681629745917341	0.09267304204082102	0.055576747609299815	-0.04812093911574271	40
0.48	-0.12218524303675121	0.09399838441766649	0.059361451457318415	-0.049793363643386684	50
0.485	-0.12817792166109532	0.09520381871182762	0.06359726874406087	-0.05145320709875502	50
0.49	-0.13490247585019613	0.09620181936561602	0.06836595829098366	-0.05305275155154518	60
0.495	-0.1424821838655349	0.0968580226229955	0.07376395137912958	-0.05451523587070211	80