0.	0.0003879011917414829	-0.003077320026159096	0	0	13
0.005	-0.014735917326437146	-0.0005428977809537354	0.3721268856187064	-0.06447694298516736	12
0.01	-0.0005063938075624402	-0.0030145185189851143	0.024419188136316917	-0.003807715446182873	14
0.015	0.00027828420280733354	-0.0032232181627713644	0.00407098054624923	-0.0005817924111059326	14
0.02	0.000298051943625135	-0.003474170461026659	-0.0023047570245141756	-0.004149734915768066	13
0.025	0.0001596908902858072	-0.003252617072511055	-0.0073970086926886825	0.001394209896712352	13
0.03	-0.00005253818907417394	-0.0031499279748173925	-0.013586200222517832	0.0029043278974368713	14
0.035	0.0009450841233709557	-0.0030982623023007726	0.0035345649876171023	0.010767174793175724	13
0.04	0.00030372195099113855	-0.003338778620118983	-0.007017344125857283	0.003925347157913575	15
0.045	0.0003262047216123394	-0.0032788368536716926	-0.007181399745624055	0.00589158830928964	13
0.05	0.00033122427359538417	-0.0033086097931689235	-0.0073959714387741935	0.006215207202271864	13
0.055	0.00032775132411744473	-0.003336215311086953	-0.007779412938803656	0.006587582906408767	14
0.06	0.0003242976775994916	-0.0033637359276031936	-0.008180207884811396	0.006984518494550296	14
0.065	0.00032113937595413546	-0.0033919347706928707	-0.008592402673004583	0.007396328032075123	13
0.07	0.0003183722485773266	-0.0034208682087136537	-0.009016176362838961	0.007822149796513128	13
0.075	0.0003160143766922558	-0.0034505942810569967	-0.00945204958676793	0.00826234356706975	13
0.08	0.0003139922545641238	-0.0034810963249889753	-0.009900558953387902	0.008717478456738469	14
0.085	0.0003124074674578923	-0.003512529411755015	-0.01036224062332269	0.009188169881763415	14
0.09	0.00031124628119021873	-0.003544760260001693	-0.010837693148698936	0.009675098408438451	13
0.095	0.00031055384298371547	-0.0035779505961341385	-0.011327555205954366	0.010179004484259024	13
0.1	0.0003102941734435937	-0.0036120814576686227	-0.011832487399229635	0.010700657015886088	13
0.105	0.0003104860378523996	-0.003647184473221661	-0.012353162734927125	0.011240850903579607	14
0.11	0.0003111265076516658	-0.0036832766362767727	-0.012890298842375022	0.01180043520806088	13
0.115	0.00031239058681151893	-0.003720418257961743	-0.01344473796224299	0.012380377359907203	14
0.12	0.00031410106429451893	-0.003758694727558295	-0.01401723811731201	0.012981603719272513	14
0.125	0.0003164242155137987	-0.003798045908095405	-0.014608683532907162	0.013605150784948776	14
0.13	0.0003193144189618008	-0.0038385750454018623	-0.015220010955700669	0.014252135513429747	13
0.135	0.0003227607001795717	-0.003880344946200878	-0.01585217523071026	0.014923718594358953	13
0.14	0.0003268785183458936	-0.003923348263234239	-0.016506230264946683	0.015621148473109412	13
0.145	0.00033175771925687803	-0.00396769472510124	-0.01718325776572583	0.01634573764827327	13
0.15	0.0003371975687860092	-0.004013401106188902	-0.017884438479241805	0.017098932727156475	14
0.155	0.0003434057481703271	-0.004060541280146339	-0.018611002485734086	0.017882217060085324	14
0.16	0.0003505502136604457	-0.00410912832631097	-0.019364292422979535	0.018697214087885466	13
0.165	0.0003583158567255062	-0.004159310335828643	-0.020145666477685793	0.019545648958540218	14
0.17	0.00036708233516351664	-0.004211085584992147	-0.020956680366633732	0.020429386457428207	14
0.175	0.00037680046441463636	-0.004264505100743278	-0.021798877278749403	0.02135035475499925	14
0.18	0.00038739451960585866	-0.004319699960167765	-0.022674019945654638	0.022310757532385418	14
0.185	0.0003991115688788704	-0.004376694078770938	-0.02358386625019595	0.023312783486173577	14
0.19	0.00041184321968393864	-0.004435630567099302	-0.024530397126824394	0.024358940258688275	14
0.195	0.00042583700453928354	-0.004496508357198971	-0.025515716521723703	0.025451849357647088	14
0.2	0.000441085638923372	-0.004559531218051277	-0.026542021009664858	0.026594334639568867	14
0.205	0.00045755137165941857	-0.004624682783081172	-0.027611709482976976	0.027789459516701007	14
0.21	0.0004755702394800983	-0.004692139346986602	-0.028727368349593718	0.029040505538817703	14
0.215	0.0004949710273606184	-0.004761996394088956	-0.02989173301853533	0.03035105703492695	14
0.22	0.0005160626913096877	-0.004834361354177191	-0.031107815723253506	0.03172497382876608	14
0.225	0.0005387944036584964	-0.004909352686786991	-0.03237874456197416	0.033166399216000064	14
0.23	0.0005634195069992142	-0.004987107273794415	-0.033708028166505234	0.03467987486498509	14
0.235	0.0005900185227658609	-0.00506777479648692	-0.035099373519068125	0.036270350811547614	14
0.24	0.0006187079476538716	-0.0051514660117733275	-0.03655679234908511	0.037943157293469615	14
0.245	0.0006497157952985492	-0.005238440257568396	-0.03808466105701997	0.03970415647884649	14
0.25	0.0006830996449167653	-0.005328726759767895	-0.0396876391704365	0.04155964878872659	14
0.255	0.000719211701176684	-0.005422616970213238	-0.04137089179424779	0.04351663209847824	14
0.26	0.0007580743617444353	-0.005520280366597137	-0.0431399902242019	0.045582780783999556	14
0.265	0.0008000408619497782	-0.005621903092286384	-0.04500092811106676	0.047766351222125705	14
0.27	0.0008452746655218933	-0.005727751170752935	-0.04696032317704753	0.05007655794611643	14
0.275	0.0008941775441824039	-0.005838082920449835	-0.049025427175018704	0.052523572009534586	14
0.28	0.0009469452342929429	-0.005953084457016423	-0.051204027399902104	0.055118444113160844	14
0.285	0.001003855009004814	-0.006073137074324535	-0.05350476224356074	0.057873574295706456	14
0.29	0.0010653761782183054	-0.006198488822340781	-0.055937092131281334	0.06080255925034367	14
0.295	0.001131893069376817	-0.0063295310161567645	-0.058511440586385015	0.06392062788641147	14
0.3	0.0012038504582320172	-0.0064665455957565515	-0.06123917168989429	0.0672445147573589	14
0.305	0.0012817072165288977	-0.006609988450041028	-0.06413296738844515	0.07079315527552568	14
0.31	0.0013660962302655495	-0.006760326674080315	-0.06720683778065828	0.07458752989377561	15
0.315	0.0014576276908020674	-0.006917926992905403	-0.07047626765329364	0.07865138103901051	15
0.32	0.0015569120313876318	-0.007083324262993042	-0.07395827547267259	0.08301097036265571	15
0.325	0.0016648591703751657	-0.0072571047340733935	-0.07767211628898853	0.08769634854282846	15
0.33	0.0017822086850379911	-0.007439949284299757	-0.08163919395978822	0.09274155732694235	16
0.335	0.0019101335836467586	-0.007632396185951476	-0.08588333391574296	0.09818474346833911	16
0.34	0.00204965377958373	-0.007835253916813471	-0.09043145731886791	0.10406985720731252	16
0.345	0.002202046612946275	-0.008049388194423529	-0.0953136549279931	0.11044690152173393	16
0.35	0.002368737597524629	-0.008275596468045565	-0.10056431893141332	0.11737368955834446	16
0.355	0.0025514778558610516	-0.00851498772002018	-0.10622172097998224	0.12491591555832218	16
0.36	0.0027520920303208303	-0.00876861347438881	-0.11233001077877822	0.13315060332000425	16
0.365	0.0029728484001348638	-0.009037705075110349	-0.11893905786441564	0.14216670311888593	16
0.37	0.003216174728725468	-0.009323651345656622	-0.12610628939832555	0.15206844278385523	16
0.375	0.0034850902974972817	-0.00962808861139164	-0.13389793098843972	0.16297862569159813	16
0.38	0.0037829931052183077	-0.009952644605872415	-0.1423896105886518	0.17504136158025602	16
0.385	0.00411378089533459	-0.010299350066833801	-0.15166990986271503	0.18842896175653429	16
0.39	0.004482289178017927	-0.010670370275311952	-0.16184148185835898	0.20334693538603882	17
0.395	0.004894129872420769	-0.011068290208924761	-0.1730247892796345	0.2200429753284701	17
0.4	0.005355739490495158	-0.011495924146160167	-0.185361712432764	0.23881830014284258	17
0.405	0.005875152454899182	-0.011956548537106027	-0.19901999567054432	0.2600411108268429	18
0.41	0.006462089810193852	-0.012453885185398236	-0.21419997783312233	0.28416623548064635	18
0.415	0.0071280062718116904	-0.012992323174520938	-0.23114125816756725	0.31176099857453565	18
0.42	0.007887256499152541	-0.013576696513250804	-0.25013342500525765	0.3435409711175808	18
0.425	0.008757468872722284	-0.014212946564192754	-0.27152888759109384	0.38041989432956536	18
0.43	0.009760640189996282	-0.014907648223246587	-0.29575838435214863	0.42357823210820306	19
0.435	0.010924780844530108	-0.015668689266056676	-0.32335427729272537	0.47456630339422384	19
0.44	0.01228530461034859	-0.016505205037355607	-0.3549766480163031	0.5354525550132463	19
0.445	0.013888642932317102	-0.01742786956089131	-0.39145127756563586	0.6090511949167317	19
0.45	0.0157952967270943	-0.01844900989586857	-0.4338135847427904	0.6992740981934439	20