0.	0.0003879011917414829	-0.003077320026159096	0	0	13
0.005	0.00035850585381490036	-0.003160088055442503	-0.0004965938268309618	0.0004114851745521391	14
0.01	0.0003273441019443423	-0.003245109042886899	-0.0010003927974529497	0.0008355904614725172	13
0.015	0.0002945958815517404	-0.0033324093852543056	-0.0015120216541280377	0.0012732760347199338	14
0.02	0.00025984032099906056	-0.003422102651148382	-0.0020321087470585872	0.0017255505848896937	14
0.025	0.00022320878375201958	-0.0035142827144320687	-0.0025613055153359664	0.0021934723686459242	14
0.03	0.0001845559654451536	-0.0036090345385196214	-0.0031002818698075414	0.0026781618912844526	13
0.035	0.00014378267998169298	-0.00370653022960669	-0.0036497342988998944	0.0031808089837033595	14
0.04	0.00010064015461817475	-0.0038067483913987663	-0.004210367933877419	0.0037026622600220844	13
0.045	0.00005510973825747622	-0.003909866637701835	-0.0047829163354834794	0.004245041904787476	13
0.05	7.11442828264016e-6	-0.004016033011024624	-0.005368152138143879	0.004809362587278593	13
0.055	-0.000043633193336611	-0.004125364502771229	-0.00596684250970915	0.005397108985901313	13
0.06	-0.00009719094620961547	-0.004237901974847952	-0.006579820269993372	0.0060098658922778095	13
0.065	-0.00015377203912949429	-0.004353884722961341	-0.007207916143391027	0.006649320012687361	13
0.07	-0.0002134901325511224	-0.004473359734796325	-0.007852026022239998	0.007317264744593493	13
0.075	-0.00027658136143521674	-0.004596539678912848	-0.008513052946834531	0.008015616051103897	13
0.08	-0.0003431757246090089	-0.004723546452147052	-0.009191949469321663	0.008746403903584108	13
0.085	-0.000413586410459868	-0.004854506035819498	-0.00988969886915353	0.009511807757587198	13
0.09	-0.0004879632916584139	-0.004989631084876477	-0.010607339914342154	0.010314158573014574	13
0.095	-0.0005665218476215155	-0.005129057592716601	-0.011345924398983501	0.011155915700195897	12
0.1	-0.0006496562850514392	-0.005273027136803844	-0.012106612714192963	0.012039802203228022	13
0.105	-0.0007374180958687635	-0.005421703203445293	-0.012890558068765462	0.012968625192005635	13
0.11	-0.0008301758342677775	-0.005575236118118816	-0.013698964110807708	0.013945429649475871	12
0.115	-0.0009283931961063321	-0.005733940285927994	-0.01453311252960227	0.014973540628581108	12
0.12	-0.0010322518964544544	-0.0058979997553233795	-0.015394386287204243	0.016056494709527032	13
0.125	-0.0011421494692536655	-0.006067581590191597	-0.016284093692574192	0.017198017596309297	12
0.13	-0.0012584716527652142	-0.006242999918733637	-0.017203765007326677	0.01840224730307951	12
0.135	-0.001381661211467615	-0.006424507767914439	-0.01815491108491988	0.01967357734271878	12
0.14	-0.0015120290575564202	-0.006612393174390041	-0.019139144961712175	0.021016730585327714	12
0.145	-0.0016502205497004126	-0.006806951820675391	-0.020158119309066	0.02243684234687981	12
0.15	-0.0017966213740258365	-0.007008421899139708	-0.02121362297071528	0.02393942244008916	12
0.155	-0.0019518426247708944	-0.007217216974441659	-0.0223074703612606	0.02553045609121414	12
0.16	-0.002116505915336857	-0.007433644067046337	-0.02344159888519369	0.027216421522987866	12
0.165	-0.002291161112016026	-0.007658049409699822	-0.024618034543792508	0.029004293347045202	12
0.17	-0.0024766469992264866	-0.007890851489831728	-0.025838867405815796	0.03090170126086811	12
0.175	-0.002673498344891003	-0.008132451747443942	-0.02710637130952817	0.032916881108279776	12
0.18	-0.0028826644148162153	-0.008383276866914119	-0.02842283234421178	0.03505879948865187	12
0.185	-0.003105040465901495	-0.00864376669858546	-0.029790669230182074	0.037337195880107706	12
0.19	-0.003341451815133152	-0.008914451461382368	-0.03121247514353507	0.039762713394402446	12
0.195	-0.0035930341667625636	-0.009195819284056982	-0.03269087880082902	0.04234692827114987	12
0.2	-0.003860927042721232	-0.009488433134179053	-0.03422864754421246	0.04510247753425087	12
0.205	-0.004146287845416412	-0.00979286554416659	-0.03582869995425676	0.048043164597932196	12
0.21	-0.004450428074783015	-0.010109730398999187	-0.037494087799701425	0.05118412766676403	12
0.215	-0.00477486327326705	-0.01043976364353661	-0.03922794203452508	0.054541973909310086	12
0.22	-0.005121030749435103	-0.01078360274182653	-0.04103359410439952	0.05813483988472953	12
0.225	-0.005490813254576548	-0.011142045070496955	-0.0429143955031539	0.06198273768331845	12
0.23	-0.00588603120053754	-0.011515858226862456	-0.04487390090810149	0.06610762806554221	12
0.235	-0.00630879390246584	-0.01190596252840502	-0.04691574507613848	0.07053377456347695	12
0.24	-0.006761310006884482	-0.01231327409839147	-0.04904369985643221	0.07528788579048717	12
0.245	-0.007246149823820897	-0.01273874731761361	-0.05126159880146578	0.08039954943634103	12
0.25	-0.007766008552040008	-0.01318351815032238	-0.053573378330768834	0.08590149609060488	12
0.255	-0.008323900838092983	-0.01364867782081065	-0.05598302820485963	0.09183000195361725	12
0.26	-0.008923283837416078	-0.014135523358234101	-0.05849450655467714	0.0982254755383209	12
0.265	-0.009567838156583523	-0.014645317254717337	-0.061111790851498954	0.10513273490846706	12
0.27	-0.01026163020870648	-0.015179557978766849	-0.06383882982377667	0.11260196008224731	12
0.275	-0.011009284407339061	-0.015739748801943006	-0.06667935107488993	0.12068905854667679	12
0.28	-0.011815908143886195	-0.016327597656300544	-0.0696368912411141	0.12945676702779846	12
0.285	-0.012687243196733224	-0.016944927558531227	-0.07271461325128908	0.13897544831396502	12
0.29	-0.013629587989726178	-0.01759368895717447	-0.0759152833481603	0.1493242523068894	12
0.295	-0.014650146037076754	-0.018276049547661273	-0.07924091109274721	0.16059241458740586	12
0.3	-0.01575689331287269	-0.018994310298563705	-0.08269262089239343	0.172880896668511	13
0.305	-0.016958864268871405	-0.019750994048236825	-0.08627059137789544	0.18630400652930204	13
0.31	-0.01826639209161663	-0.02054889778354846	-0.08997321453496829	0.20099172805478602	13
0.315	-0.019691069222574263	-0.02139106709558538	-0.093797051608177	0.21709229380458128	13
0.32	-0.02124597135607128	-0.022280797418300295	-0.09773618845657644	0.23477504596053303	13
0.325	-0.022946299692193778	-0.02322175562190775	-0.10178130099369342	0.2542343563915745	13
0.33	-0.02480913213869014	-0.02421796656465579	-0.1059190948822011	0.2756938263545244	13
0.335	-0.0268543779361751	-0.025273860022850758	-0.11013075954005248	0.2994118203795614	13
0.34	-0.029104646072842022	-0.026394332272668065	-0.11439143751345483	0.3256877113368909	14
0.345	-0.03158653274179338	-0.027584863896856666	-0.11866586671116393	0.3548703828410059	14
0.35	-0.03433066683629429	-0.028851501842356585	-0.12290902790435797	0.38736747853074793	14
0.355	-0.037372870160805656	-0.030201049807309335	-0.12706102851887063	0.42365771763820526	14
0.36	-0.04075533704348982	-0.03164106572509649	-0.13104330682322624	0.4643063029939909	14
0.365	-0.044527700224276094	-0.033180078353182096	-0.1347532840134295	0.5099835228830084	14
0.37	-0.04874895021387265	-0.03482777347861986	-0.13805615548840913	0.5614892134569607	15
0.375	-0.0534895666416962	-0.03659502440603062	-0.14077796830529563	0.6197832094560256	15
0.38	-0.05883415183705071	-0.03849431694155829	-0.1426891251442678	0.6860250809056033	15
0.385	-0.06488529585226645	-0.04053992492676006	-0.14348873553173297	0.7616251527452325	15
0.39	-0.07176817268010269	-0.04274827722928394	-0.14278034367875553	0.848311944903785	15
0.395	-0.0796366549658583	-0.04513848098153535	-0.14003874406563901	0.9482216332976461	15
0.4	-0.08868196349779447	-0.047732818368593284	-0.13456531075775358	1.0640174083865404	16
0.405	-0.09914432721212058	-0.0505576138140913	-0.12541631724839497	1.199052704248859	16
0.41	-0.1113281359999265	-0.05364417036677713	-0.11131727987184883	1.3575963196032717	16
0.415	-0.12562477021561308	-0.05703011447261069	-0.09052054127869552	1.5451469556618136	16
0.42	-0.14254396748830067	-0.06076131650048761	-0.06060321584738029	1.768883243645459	16
0.425	-0.1627606237313345	-0.06489454584786232	-0.01815548226611574	2.038316372924877	17
0.43	-0.18718263630426885	-0.06950099091239939	0.04168330673353132	2.366264804868433	17
0.435	-0.21705806667372374	-0.07467225502832983	0.12599621144696954	2.7703330900915115	17
0.44	-0.2541406122274909	-0.080528673705233	0.24531114630153103	3.275234901350859	17
0.445	-0.30096121842870094	-0.08723312041369964	0.4156819618573297	3.9165526391189163	17
0.45	-0.36128682962079883	-0.09501382278200225	0.662320301041354	4.747064633630527	18