0.	-0.03677006630546599	-0.009696081282852992	0	0	11
0.005	-34.263891759121435	-25.350598975085624	742.8518355105678	555.1476223145061	10
0.01	-6.069073403782982	-7.074245232328137	130.02029073787207	153.59274221699698	10
0.015	-1.3486019867812726	-1.9642504988338942	28.08956902019704	42.21515268037335	10
0.02	-0.4337498411843712	-0.6755666605490811	8.451021362197531	14.27987411664899	10
0.025	-0.18469079722571347	-0.28276782531460204	3.1394125412525105	5.80355482711762	10
0.03	-0.0975759609208656	-0.1371729924613345	1.3038810511697454	2.674802999881604	10
0.035	-0.06116982172744771	-0.0744725305285027	0.5612903895353637	1.3327205551129768	11
0.04	-0.04355295497084925	-0.04428594828305857	0.2350536556513248	0.6883203767932168	11
0.045	-0.03354304246085142	-0.028551848136984335	0.09678934661158238	0.3494724161108528	12
0.05	-0.026409695075776715	-0.020137804730403414	0.06339751906937272	0.15201501376997242	12
0.055	-0.01961165033112512	-0.016587282988632344	0.1088304714250035	0.005749782906018682	12
0.06	-0.012139225688510474	-0.019128738290860856	0.2167099534584324	-0.1862364983932581	12
0.065	-0.010133881305502307	-0.03126558129618266	0.23362464014023782	-0.5377078863925069	12
0.07	-0.02301764253507456	-0.03914469441399744	-0.05813105626590814	-0.7667800816487464	12
0.075	-0.03221997053466657	-0.03437261141127895	-0.2585037519130863	-0.6997942202139594	12
0.08	-0.033800492732003265	-0.03028603978460207	-0.28236174228145894	-0.6358382865158512	12
0.085	-0.03324148862488405	-0.030872821860785337	-0.2498512408480906	-0.66903035765304	12
0.09	-0.036032098639709846	-0.036520439067439195	-0.28066542812808354	-0.8158846991191284	12
0.095	-0.04820398266854667	-0.04120439807083888	-0.5085630644448442	-0.9581938237747912	12
0.1	-0.06662905936483551	-0.03411374155753892	-0.8823507167798474	-0.885399795939739	12
0.105	-0.07794357339294913	-0.005083807921351881	-1.2069239543818624	-0.3826983926239414	12
0.11	-0.04534827479341702	0.01821523864190952	-0.6800677446655203	0.20435526581903318	12
0.115	-0.026291837374520233	-0.00015900756071725482	-0.23194702382921709	-0.06442692027065816	13
0.12	-0.02815960504956787	-0.012615055251744979	-0.21427399099567845	-0.30118719399943394	13
0.125	-0.03257796023052391	-0.017014052713349326	-0.27348133197299224	-0.38899462278384517	13
0.13	-0.035791988841020674	-0.017972005073321223	-0.31941423357950666	-0.40625166790043893	13
0.135	-0.037535510560629017	-0.017703371457854174	-0.33981883456284667	-0.395549926671496	13
0.14	-0.03821956189856464	-0.017387071368995113	-0.33955861195851805	-0.38142288723872037	13
0.145	-0.038487406017251785	-0.017384926227149357	-0.3305678304363671	-0.37241995198263567	13
0.15	-0.038682511593283175	-0.017607416751170387	-0.3197129670383362	-0.3673590632861213	13
0.155	-0.03889657393513549	-0.017939244614083097	-0.30891254754118425	-0.36411434142392757	13
0.16	-0.03914015741029797	-0.018323317227047362	-0.29841632453015793	-0.36158513207815635	13
0.165	-0.03940950968844373	-0.01873714117852557	-0.288149893713586	-0.35932099040783116	13
0.17	-0.03970050200893094	-0.01917261040588087	-0.27802598735137524	-0.35714643807559054	13
0.175	-0.04001139958557274	-0.019627205625406794	-0.2679857207715411	-0.35499135720699243	13
0.18	-0.0403406595716286	-0.020100378895590243	-0.25798996147323855	-0.35282365782891634	13
0.185	-0.04068852606758623	-0.020592553447259014	-0.2480121752761446	-0.35062701215786435	13
0.19	-0.04105523459623422	-0.021104676388827	-0.23803185229496282	-0.3483911339981217	13
0.195	-0.04144148240940941	-0.02163777974301799	-0.22803116188154876	-0.3461080025586959	14
0.2	-0.041847144033095404	-0.022192871271982068	-0.21799386138137733	-0.34376884301571425	14
0.205	-0.04227345484665056	-0.022771249946367894	-0.20790364497350317	-0.34136653565598596	14
0.21	-0.04272109455285296	-0.0233743798154187	-0.1977436295525744	-0.3388920917825859	14
0.215	-0.04319088189263933	-0.024003818873262625	-0.18749671043781016	-0.33633677649000326	14
0.22	-0.04368376702755895	-0.024661085876409295	-0.1771444651018656	-0.3336903193549876	14
0.225	-0.044200631023536684	-0.02534794368596427	-0.16666770253396926	-0.33094186980440793	14
0.23	-0.04474270569849815	-0.026066336515301495	-0.15604554428382467	-0.32807901948292695	14
0.235	-0.04531118067678339	-0.026818299743470747	-0.14525623519162223	-0.32508888864942714	14
0.24	-0.04590715228210432	-0.02760605397319813	-0.134275556526137	-0.3219567663559148	15
0.245	-0.04653177906922121	-0.028431862139865545	-0.12307846321312466	-0.31866593258128467	15
0.25	-0.0471865246391661	-0.029298383992004	-0.11163671700151694	-0.3151980269414333	15
0.255	-0.04787296160631842	-0.03020848081739587	-0.09992020693443569	-0.3115332100813297	15
0.26	-0.04859265260767378	-0.03116514019586718	-0.0878959329504521	-0.3076486006807242	15
0.265	-0.04934730593368435	-0.032171732889383436	-0.07552770213351494	-0.303518975115114	15
0.27	-0.050138649583716846	-0.03323186226772931	-0.06277643215237477	-0.2991167101093305	15
0.275	-0.05096882039113739	-0.03434949651264246	-0.04959823515910414	-0.2944096231220625	15
0.28	-0.05184024877384974	-0.03552894815874598	-0.035944891669373355	-0.28936267744165445	16
0.285	-0.052754314734340516	-0.036775008642214245	-0.021764059775760486	-0.283935515273446	16
0.29	-0.05371416766449569	-0.038092878105055225	-0.006995848397642404	-0.2780825118405873	16
0.295	-0.05472227810936843	-0.0394883229787066	0.008424744136754467	-0.2717535086737093	16
0.3	-0.055781007388711584	-0.04096758744527133	0.02457178831570471	-0.26489019682455983	16
0.305	-0.05689386948133367	-0.04253778192858613	0.04152752649150494	-0.2574266081174705	16
0.31	-0.05806443250969272	-0.044206424980836816	0.059384354743485426	-0.24928909641830213	17
0.315	-0.05929550747077454	-0.045982304743421	0.07824723627323815	-0.24038996009694175	17
0.32	-0.060591028153627435	-0.04787481835396186	0.09823429965728678	-0.2306325207753441	17
0.325	-0.06195533687620658	-0.049894666188677606	0.11948049885325131	-0.21990329167534833	17
0.33	-0.06339242209912659	-0.0520537544407027	0.14213965207015533	-0.20807252109239338	17
0.335	-0.06490789342506609	-0.05436510466038024	0.1663878570255894	-0.19499060374859706	18
0.34	-0.06650565302408602	-0.056843828574710015	0.192427430718211	-0.1804817486126435	18
0.345	-0.06819165733163893	-0.05950681463683079	0.22049343364874782	-0.16434266056902336	18
0.35	-0.06997183024758447	-0.062372837120511865	0.2508573461134146	-0.14633563535937935	18
0.355	-0.07185274897583346	-0.06546335119530383	0.2838360368655666	-0.12618270146638244	19
0.36	-0.07384030196506089	-0.06880302419358474	0.31980184158634883	-0.10355220819894703	19
0.365	-0.07594221925269598	-0.07241966843078534	0.3591931222238781	-0.07805443758302663	19
0.37	-0.07816588814811423	-0.07634498568932735	0.40252885350762907	-0.04922640861565526	20
0.375	-0.08051890651603592	-0.08061614734140501	0.4504289253272746	-0.016509892445256857	20
0.38	-0.08300939993307008	-0.08527539456312633	0.5036382015963061	0.02076553852988622	20
0.385	-0.08564629313442298	-0.09037149163203631	0.5630542337469933	0.06340661867185057	21
0.39	-0.08843700636670543	-0.09596272282006799	0.6297733631280708	0.11240500301088335	21
0.395	-0.09138997341906208	-0.1021155389684264	0.7051398291409013	0.16897019818159525	22
0.4	-0.09451095743817878	-0.10890975908112727	0.7908184305620465	0.23460045468922583	22
0.405	-0.09780667333228185	-0.11643862203339259	0.8888921283261599	0.31116179872674055	23
0.41	-0.10127772723826393	-0.12481517951630991	1.001990534831778	0.40100048236720115	23
0.415	-0.1049233806291567	-0.13417271079804946	1.133474948480714	0.5070914988788858	24
0.42	-0.1087332520312395	-0.1446747301718891	1.2876923297879244	0.63325089639176	25
0.425	-0.1126858630723138	-0.15652073592753277	1.4703439748078984	0.7844243287321846	25
0.43	-0.11674398950923542	-0.16995427249507844	1.6890248150875837	0.9671119844259832	26
0.435	-0.12084091996933233	-0.1852803394364604	1.954022332677938	1.1899647751132199	27
0.44	-0.12486776549063817	-0.20288133566342015	2.2795420691494757	1.4646857171719825	28
0.445	-0.12864575696850614	-0.22324435115520974	2.6856412124525293	1.8073859038354598	29
0.45	-0.13188516045869897	-0.2469947471116573	3.2013588831779094	2.24069513595843	31