0.	-0.0542805513390577	0.029135752426621704	0	0	20
0.005	-0.054640338504738165	0.02936079231286794	0.00021983143965767298	-0.0001188464870801969	20
0.01	-0.05500810046786003	0.02958818497657155	0.0004451894417302981	-0.0002423618077170932	20
0.015	-0.055384041421790556	0.029817986994219368	0.0006762371240381283	-0.00037064035887366894	20
0.02	-0.05576837155210482	0.03005026188671439	0.0009131495308022381	-0.0005037805140932304	20
0.025	-0.05616131795323618	0.03028506486042186	0.001156104604568971	-0.0006418826252289301	20
0.03	-0.0565631025846884	0.030522454311735496	0.0014052855764753605	-0.0007850500370146915	20
0.035	-0.05697397107352534	0.030762489534520755	0.0016608902967351277	-0.0009333905053244293	20
0.04	-0.05739416250763823	0.031005229044444926	0.001923124456612821	-0.0010870146175107277	20
0.045	-0.05782393904058028	0.03125074257357165	0.002192195365354548	-0.001246036299941368	20
0.05	-0.05826357304803728	0.03149908382027605	0.0024683268598561904	-0.0014105731742716236	20
0.055	-0.05871333347348244	0.03175032431643438	0.0027517475585404887	-0.001580746927528969	20
0.06	-0.05917351590725814	0.03200452427233853	0.003042695496815514	-0.001756680895907836	20
0.065	-0.059644420729841136	0.03226175475562792	0.003341426555414891	-0.0019385063474738745	20
0.07	-0.06012636516817243	0.03252207552948956	0.0036482019309610255	-0.0021263565760076503	20
0.075	-0.060619676549414664	0.03278555930938648	0.003963294741114523	-0.002320367266956851	20
0.08	-0.06112469735823192	0.033052275365841946	0.004286991616993886	-0.002520681574808501	20
0.085	-0.061641779661694415	0.033322296572071884	0.004619596265410375	-0.002727448206648498	20
0.09	-0.06217130206175668	0.0335956916827503	0.00496141579800497	-0.002940814793306808	20
0.095	-0.06271365097171776	0.033872535951029174	0.005312782086018127	-0.003160940058062913	20
0.1	-0.06326923115650779	0.034152902253293045	0.005674039476321552	-0.0033879843720250225	20
0.105	-0.06383846379940206	0.03443686699199468	0.006045543935516693	-0.0036221142404190133	20
0.11	-0.06442179828606692	0.03472450862247905	0.006427680231071972	-0.0038635050981238356	20
0.115	-0.06501969269629994	0.03501590060243785	0.006820836211018853	-0.004112330323936888	20
0.12	-0.0656326348549257	0.03531112962724157	0.00722543244707302	-0.004368776725612226	20
0.125	-0.06626113665297907	0.0356102645038172	0.007641897371675778	-0.004633031333009614	20
0.13	-0.06690571970004669	0.03591339466982724	0.008070689409664454	-0.004905291033448709	20
0.135	-0.06756694852940301	0.036220597455613276	0.008512297450502034	-0.0051857623410110345	20
0.14	-0.06824540525739767	0.03653196393206025	0.008967210037669506	-0.005474646833543796	20
0.145	-0.06894170157006786	0.03684756907994917	0.009435977850493979	-0.005772172648183425	20
0.15	-0.06965648338412375	0.03716750122346701	0.009919146458843692	-0.006078554453195689	20
0.155	-0.07039042473046626	0.03749184737219221	0.01041729630264316	-0.00639402194700279	20
0.16	-0.07114423828182714	0.03782068634278672	0.01093105925583345	-0.006718820047846246	20
0.165	-0.07191866670844166	0.03815411062556365	0.01146108486073519	-0.0070531944173813435	20
0.17	-0.07271449646470987	0.03849220608038455	0.012008055213039128	-0.007397397012907755	20
0.175	-0.07353255615772476	0.038835057572579754	0.012572703720192965	-0.0077516967004276835	20
0.18	-0.07437372029222974	0.03918275167178069	0.013155792648247391	-0.008116363557404076	20
0.185	-0.07523890369070707	0.03953537374237302	0.01375812607704803	-0.008491674035706807	20
0.19	-0.07612907901176533	0.03989300531980149	0.01438057712898199	-0.008877930982194467	20
0.195	-0.07704527234107682	0.040255732189079574	0.015024041355338375	-0.00927542766628424	20
0.2	-0.0779885615346258	0.040623637576170914	0.015689469310515812	-0.009684471083907985	20
0.205	-0.0789600954303394	0.040996795748468436	0.016377898805679948	-0.010105391191688842	20
0.21	-0.07996108692647375	0.04137528738405126	0.017090398953704664	-0.010538518154058665	20
0.215	-0.08099281691396518	0.04175918117537036	0.017828113328131726	-0.010984188509598945	20
0.22	-0.08205665301499301	0.042148550556195805	0.01859226891423285	-0.011442766303767872	20
0.225	-0.08315403470356403	0.04254345256198927	0.019384156173166946	-0.01191460469047751	20
0.23	-0.08428650166904414	0.04294395154965326	0.020205137578054852	-0.012400074105087505	20
0.235	-0.08545568478340673	0.04335009004240897	0.02105670905152129	-0.01289957918333871	20
0.24	-0.08666332612486302	0.04376191277834281	0.02194041914689577	-0.013413503732339717	20
0.245	-0.08791127277399673	0.0441794504016136	0.022857949845882942	-0.013942267358589965	20
0.25	-0.08920150398628687	0.044602718900739635	0.023811069762244466	-0.014486271996911403	20
0.255	-0.0905361297215186	0.04503172107443658	0.02480171272785306	-0.015045969472340433	20
0.26	-0.0919174087251163	0.04546645067711261	0.025831917416499768	-0.015621797698992747	20
0.265	-0.09334775409872681	0.04590686878532136	0.026903886512300405	-0.01621420807043536	20
0.27	-0.09482975820864628	0.046352926612488854	0.028019966583236924	-0.016823652565768375	20
0.275	-0.09636619272212056	0.04680453739046216	0.029182704992139777	-0.017450617981677435	20
0.28	-0.09796005432752736	0.047261590985547636	0.030394844331074637	-0.018095586833634138	20
0.285	-0.09961455363812306	0.047723944693794054	0.031659274455963955	-0.018758995145453237	20
0.29	-0.10133315397056075	0.048191402668487746	0.0329792188288926	-0.01944136696016338	20
0.295	-0.10311959970144331	0.048663730904894884	0.03435809637388634	-0.020143171697777316	20
0.3	-0.10497793423698762	0.04914062522837533	0.03579962909685666	-0.02086491653778391	20
0.305	-0.10691253898967522	0.049621734665863705	0.037307887610758525	-0.021607066252029457	20
0.31	-0.10892816780611159	0.05010661559804831	0.03888718666164445	-0.022370066328423147	20
0.315	-0.1110299913185351	0.05059473772160143	0.04054235094816797	-0.023154408019234747	20
0.32	-0.11322364222576474	0.05108546487184349	0.0422785513792429	-0.02396042398003736	20
0.325	-0.11551525585175118	0.051578036013419	0.04410153302413586	-0.024788625991001373	20
0.33	-0.11791155968556524	0.05207154291965304	0.046017477142615296	-0.025639246598149486	20
0.335	-0.12041992411412167	0.05256489874152773	0.0480332195289222	-0.026512562112841732	20
0.34	-0.12304844402599807	0.053056817019073256	0.05015632539189757	-0.027408832014961866	20
0.345	-0.12580604008439283	0.053545765659037084	0.05239504983326003	-0.028328074853403162	20
0.35	-0.1287025659600003	0.05402991584534337	0.05475862622729294	-0.029270312906136034	20
0.355	-0.13174894743794424	0.05450709670304419	0.05725716364463759	-0.030235233869769857	20
0.36	-0.13495731168841255	0.054974718454383266	0.059901970691875646	-0.031222497032028302	20
0.365	-0.13834117495481713	0.05542967814500344	0.06270585561279884	-0.03223148140698003	20
0.37	-0.14191566538546516	0.05586828177849836	0.06568282612369952	-0.03326102960389134	20
0.375	-0.1456977771714793	0.0562860929088271	0.06884860058972372	-0.0343096463350723	30
0.38	-0.14970661671651114	0.056677735438356205	0.07222136557140628	-0.03537554808362659	30
0.385	-0.1539638497680334	0.057036752279827296	0.07582125960978825	-0.03645578607466479	30
0.39	-0.15849407636331508	0.057355281865599905	0.07967145015950788	-0.03754709117495778	30
0.395	-0.16332542685106566	0.05762375652601109	0.08379807808838861	-0.03864445301568863	30
0.4	-0.1684901444830585	0.05783041170741005	0.08823169350780913	-0.03974201980399683	40
0.405	-0.1740255003965898	0.05796074966246598	0.09300703113355704	-0.04083170807749174	40
0.41	-0.17997476294921172	0.057996728449647664	0.0981648079413874	-0.04190312873408914	40
0.415	-0.18638851827541875	0.057915757533465964	0.10375272505508457	-0.04294261520111331	40
0.42	-0.1933263622495054	0.057689260889108376	0.10982651947413849	-0.04393202534681051	40
0.425	-0.20085900898732295	0.05728073596111091	0.11645273228262756	-0.0448476884150177	40
0.43	-0.20907114224936812	0.056642995842120056	0.12371096518804797	-0.045657983946053506	40
0.435	-0.21806506735827239	0.055714269443681505	0.1316976140192928	-0.04632010025030659	40
0.44	-0.22796574716189794	0.05441238364751154	0.14053050143594134	-0.04677631618233979	40
0.445	-0.23892751208080287	0.05262619732618376	0.1503547190215888	-0.04694546215477612	40
0.45	-0.2511432749122799	0.050202142045968415	0.1613528835492265	-0.0467144263254045	40
0.455	-0.26485742788567146	0.04692301317717357	0.17375572471680295	-0.04591910412531128	40
0.46	-0.28038362029969865	0.04247251869402793	0.18786193455542116	-0.044317780176486965	40
0.465	-0.2981293979514349	0.03637411578851468	0.20406050123001593	-0.04153900841649845	40
0.47	-0.3186278602839657	0.027878665235333583	0.22286753065459894	-0.03699253469301683	40
0.475	-0.3425698639681779	0.015745560202324843	0.24496481436434758	-0.029687548303881928	40
0.48	-0.3707931695526211	-0.002218475004440973	0.27122093742720543	-0.01784849420395715	50
0.485	-0.4040057552069408	-0.030215526122693237	0.30253127590446416	0.001964375227449272	50
0.49	-0.4410213082019561	-0.07698273052817277	0.3385242900923597	0.03703673480216742	50
0.495	-0.46835480767013093	-0.15935868478340823	0.36934980843708637	0.1020234492707781	70