0.	-0.08145831541404755	0.040718390866346495	0	0	20
0.005	-0.0822606044292615	0.041203352372917945	0.0006600249242870908	-0.0003316495966608935	20
0.01	-0.0830822237962398	0.0417005237138895	0.0013371889964172098	-0.0006754193700039536	20
0.015	-0.08392373975886012	0.042210303961987994	0.0020321503960619254	-0.0010317995197860995	20
0.02	-0.0847857411004383	0.042733096436863786	0.002745596214019305	-0.0014013034657362226	20
0.025	-0.08566884229297701	0.04326932846416457	0.0034782385563624113	-0.0017844685282579664	20
0.03	-0.08657368714362178	0.04381945253445188	0.004230830105873376	-0.002181859593416744	20
0.035	-0.08750094570514372	0.04438393129646695	0.005004149957368624	-0.002594067652568541	20
0.04	-0.0884513202587453	0.04496325169298547	0.005799016279897475	-0.0030217134523535458	20
0.045	-0.08942554037860319	0.0455579296325442	0.006616287241785752	-0.003465449479628248	20
0.05	-0.09042437321215101	0.04616849762612494	0.00745685430687817	-0.003925959321048569	20
0.055	-0.09144861988441029	0.04679551865700844	0.008321658345748578	-0.004403962967752233	20
0.06	-0.09249911496181117	0.047439576279955716	0.009211679930763212	-0.004900215993729927	20
0.065	-0.09357674033506093	0.048101295953468695	0.010127948477349049	-0.005415514630289636	20
0.07	-0.09468240415940757	0.04878131796395907	0.011071553067552933	-0.005950697124326198	20
0.075	-0.09581707367132693	0.04948032161676761	0.012043619619430897	-0.006506643418439852	20
0.08	-0.09698175950007691	0.05019902167720746	0.01304534392635485	-0.0070842831868572495	20
0.085	-0.0981775101506776	0.05093816816245915	0.014077978478899992	-0.0076845960810398945	20
0.09	-0.09940543566473742	0.05169854415681932	0.01514283940604174	-0.008308613986444517	20
0.095	-0.1006666993807438	0.05248097867780494	0.016241306925187802	-0.00895742597655116	20
0.1	-0.10196252070771523	0.0532863423175167	0.01737484716012168	-0.009632184099478651	20
0.105	-0.10329417509331436	0.054115560778976675	0.018544990163127335	-0.010334104532054795	20
0.11	-0.10466301832760105	0.054969586738934095	0.019753355903170726	-0.011064470613986563	20
0.115	-0.10607046254894262	0.055849448394617154	0.021001648212193448	-0.01182464293975083	20
0.12	-0.10751799685287848	0.05675621573402167	0.022291672355196558	-0.012616060412829602	20
0.125	-0.10900719175105193	0.0576910260549183	0.023625329179813727	-0.013440247679154336	20
0.13	-0.11053969627346173	0.05865507377432843	0.025004627564622933	-0.01429882006828549	20
0.135	-0.11211725662065147	0.05964962139326251	0.026431688530214558	-0.015193488691327165	20
0.14	-0.11374171153910802	0.06067601262015448	0.027908767245814405	-0.01612607495353311	20
0.145	-0.11541499670038734	0.06173566100008931	0.029438236256580225	-0.017098507888632285	20
0.15	-0.117139163441163	0.062830068474468	0.03102262465079624	-0.01811284197205424	20
0.155	-0.11891637677800332	0.0639608224370906	0.03266460065295898	-0.019171258598972372	20
0.16	-0.12074892517028736	0.06512960989716193	0.03436701194952179	-0.02027608446674946	20
0.165	-0.12263923741868163	0.06633822248117763	0.036132866552636575	-0.02142979464645222	20
0.17	-0.12458987633963246	0.06758856156477155	0.03796537252636444	-0.022635030491610184	20
0.175	-0.12660356993682217	0.06888264516660984	0.03986794352197829	-0.023894608836497962	20
0.18	-0.12868320687758256	0.07022263024272409	0.041844202080988054	-0.0252115382745058	20
0.185	-0.13083185421095125	0.07161080934591948	0.043898029561042974	-0.026589041099885323	20
0.19	-0.13305277661589424	0.07304962210880186	0.04603354505042594	-0.028030553240917005	20
0.195	-0.13534944400539917	0.07454168458761518	0.048255157032396793	-0.02953976814351527	20
0.2	-0.13772555150057747	0.07608977694928709	0.050567581305042526	-0.031120635863419753	20
0.205	-0.1401850374213738	0.07769687937222211	0.05297585458111329	-0.03277740082319073	20
0.21	-0.1427321076401653	0.07936618480252336	0.055485379184842094	-0.03451462157271348	20
0.215	-0.1453712502451362	0.08110111232356541	0.05810194166288312	-0.03633720172647537	20
0.22	-0.14810726709087832	0.08290532865455227	0.060831746899687324	-0.03825041833671626	20
0.225	-0.15094529362268547	0.08478277270624666	0.06368148009767328	-0.04025996757568069	20
0.23	-0.15389084586338064	0.08673768308479579	0.06665831030478737	-0.04237198389408585	20
0.235	-0.1569498286271289	0.08877462211541841	0.06976998018646152	-0.04459310781710378	20
0.24	-0.1601285866513971	0.09089850926313997	0.07302482638390849	-0.04693052381909126	20
0.245	-0.16343395461411994	0.09311465546083358	0.07643186276004231	-0.04939201159189688	20
0.25	-0.16687328352602618	0.09542879793076549	0.08000082445060924	-0.051986012643975205	20
0.255	-0.17045451062957706	0.09784715570298559	0.08374226166937761	-0.0547216997052442	20
0.26	-0.1741862048766647	0.10037647211574172	0.08766761156794209	-0.05760905643655016	20
0.265	-0.17807763684363323	0.10302406362234401	0.09178930065536767	-0.06065895847764087	20
0.27	-0.18213885059764104	0.10579789530306047	0.09612083600882355	-0.06388328485771955	20
0.275	-0.18638074527184262	0.10870664258816204	0.1006769676869311	-0.06729502558319381	20
0.28	-0.19081517130885328	0.11175977843280739	0.10547375471697279	-0.07090840191297743	20
0.285	-0.19545503439055786	0.1149676595182362	0.11052877937627452	-0.0747390229134027	20
0.29	-0.2003144100055708	0.11834163401716744	0.11586130622752436	-0.07880405749804936	20
0.295	-0.20540868898461156	0.12189416666463822	0.12149247819741667	-0.08312242298683956	20
0.3	-0.21075472982538654	0.1256389573443031	0.12744554916812856	-0.08771498880725559	20
0.305	-0.21637102942419614	0.12959113205562245	0.1337461621926793	-0.0926048733075675	20
0.31	-0.2222779463983685	0.13376739254558842	0.14042264336976334	-0.0978176974591257	20
0.315	-0.22849792796662302	0.1381862477121123	0.14750635752907038	-0.10338194200388234	20
0.32	-0.23505577980521566	0.14286826221464213	0.15503214438566187	-0.10932938265268377	20
0.325	-0.24197900212928541	0.14783632486155354	0.1630387646581563	-0.11569548333935056	20
0.33	-0.24929815311040232	0.1531160189945682	0.1715695108558552	-0.12252003626834028	20
0.335	-0.25704728137607447	0.15873598849851378	0.18067282825210462	-0.12984775204673743	20
0.34	-0.26526446779090757	0.16472843377307878	0.19040313432046124	-0.1377290511073315	20
0.345	-0.27399240662526636	0.17112965866827898	0.200821736443553	-0.1462209934933994	20
0.35	-0.2832791528651656	0.1779807508089025	0.21199794929828336	-0.15538835502615067	20
0.355	-0.29317898082575583	0.18532837081854964	0.224010442436825	-0.1653049918835935	20
0.36	-0.3037534433479853	0.19322575231572717	0.23694884469114724	-0.17605541852395656	20
0.365	-0.31507261920429497	0.2017338505163217	0.2509156761816809	-0.18773675025400113	20
0.37	-0.3272166611623844	0.2109228284767928	0.2660288115941123	-0.20046117855681128	20
0.375	-0.3402776808284518	0.22087380328626505	0.2824243231202778	-0.21435881455419964	20
0.38	-0.3543620921320316	0.2316811015848506	0.3002602337486808	-0.2295815428366368	20
0.385	-0.3695934838732123	0.24345500191869143	0.31972098982994224	-0.24630746123864677	20
0.39	-0.3861162934968579	0.25632525697333247	0.34102324781779225	-0.2647469229209175	20
0.395	-0.40410040109296874	0.2704455555627789	0.3644231470410244	-0.28514986803091014	20
0.4	-0.4237470565135323	0.28599929269996005	0.39022573129954297	-0.3078156124936698	20
0.405	-0.4452965285004868	0.30320706044738854	0.41879717124137145	-0.333105450978373	20
0.41	-0.4690381202709949	0.32233653109029975	0.45058081054631255	-0.3614593233407189	20
0.415	-0.4953235259839782	0.3437157212548514	0.4861184292268623	-0.3934180776757386	20
0.42	-0.524584761706352	0.367750947170782	0.526079477035605	-0.4296541031074851	20
0.425	-0.5573587915885774	0.39495159490005455	0.5713008375213428	-0.4710132914990808	20
0.43	-0.5943219106618666	0.4259650581872903	0.6228426846037005	-0.5185744222214868	20
0.435	-0.6363387335793065	0.46162681436306974	0.682068617585469	-0.5737345333840295	20
0.44	-0.6845337409605583	0.503034241253087	0.7507631981537801	-0.6383352977040638	20
0.445	-0.7403986297518997	0.551658222517427	0.8313086469149753	-0.7148535488121504	20
0.45	-0.8059585456120764	0.6095175374179991	0.9269602792701092	-0.8067012599761152	20
0.455	-0.8840392979947397	0.679461812681515	1.0422917279600723	-0.918712088143194	30
0.46	-0.9787165733097468	0.765651793635481	1.1839439280167263	-1.057968280248632	30
0.465	-1.096112637471574	0.8744199508408308	1.3619662831015917	-1.2352900807280602	30
0.47	-1.2459085411580295	1.0159217829802334	1.5923685563616101	-1.4680938413609528	40
0.475	-1.4444729755832082	1.2075927304681386	1.9024327350287693	-1.7863955258087532	40
0.48	-1.7221297785182998	1.4822795498207904	2.34311926683825	-2.246965303998934	40
0.485	-2.143047930276442	1.9108045820956656	3.023216190943219	-2.9727080101364782	40
0.49	-2.8755909834877866	2.6830322121240804	4.230887067975791	-4.294551065872966	40
0.495	-4.597634115671507	4.583883267832368	7.139009274457955	-7.587297594460242	40