0.	-0.01597986630088496	0.003931473262853905	0	0	20
0.005	-0.016317856880784406	0.004054767937639536	0.00009833432128711692	-0.000024611870693664837	40
0.01	-0.016662850942725467	0.004180638679479906	0.00020170280391111067	-0.00005133020529458428	40
0.015	-0.017015073843565015	0.004309136904773285	0.00031029742839447486	-0.00008024805974383342	40
0.02	-0.017374754121111356	0.004440317807271004	0.0004243178176987244	-0.00011146193402253188	40
0.025	-0.017742130151334533	0.004574240193755246	0.0005439743882265271	-0.00014507180159650202	40
0.03	-0.01811745840555095	0.004710961175772212	0.0006694847519565323	-0.0001811814505315047	40
0.035	-0.018500993304919944	0.004850548767023533	0.0008010808741650444	-0.00021989861330751383	40
0.04	-0.01889301374901654	0.0049930688513285275	0.0009390007737875173	-0.00026133529273760723	40
0.045	-0.019293801036111634	0.005138585027778331	0.0010834967882745433	-0.00030560753189212594	40
0.05	-0.019703654772979435	0.005287166428840176	0.0012348329166297178	-0.00035283575954426745	40
0.055	-0.02012288056870157	0.005438887207245638	0.001393286380534943	-0.0004031456026708915	40
0.06	-0.02055181098869218	0.005593822757695162	0.0015591453186149706	-0.00045666740462102105	30
0.065	-0.020990780832777972	0.005752048559995469	0.0017327147568468731	-0.0005135364416389154	30
0.07	-0.0214401444543991	0.0059136466562882736	0.0019143150301400313	-0.0005738938004080123	20
0.075	-0.021900272122269825	0.006078700444979813	0.0021042817565609115	-0.0006378863866757635	40
0.08	-0.022371554722173854	0.006247297629159499	0.0023029669612550344	-0.0007056667687625781	30
0.085	-0.022854406091900096	0.006419525376166262	0.0025107420458445103	-0.0007773939427869665	20
0.09	-0.02334924148943144	0.00659547359906951	0.0027279979922428593	-0.0008532330851383855	20
0.095	-0.023856516150772708	0.006775247307634862	0.0029551438170120035	-0.0009333577577383856	20
0.1	-0.024376697862862444	0.006958940553783367	0.003192615388901806	-0.001017947512032651	30
0.105	-0.024910278865580282	0.007146658742565783	0.0034408661011837093	-0.0011071898168391666	20
0.11	-0.025457780434537176	0.007338508052565484	0.003700377567741948	-0.0012012802792647726	20
0.115	-0.026019739049275854	0.007534604127123359	0.003971657695248775	-0.0013004242246613957	20
0.12	-0.026596733869878902	0.007735058336735469	0.0042552405419743694	-0.0014048336842960897	20
0.125	-0.027189364353770066	0.007939993897259676	0.004551694206388922	-0.0015147321543430273	20
0.13	-0.027798264500140633	0.0081495358921169	0.004861613411572149	-0.0016303523416103388	20
0.135	-0.028424100667490147	0.00836380936130958	0.005185631772890452	-0.001751936519466896	20
0.14	-0.02906757598899396	0.008582955198882476	0.0055244196287773	-0.0018797404870063501	20
0.145	-0.029729428976348834	0.008807111223187883	0.005878683454825786	-0.0020140301984512316	20
0.15	-0.030410450943811285	0.009036416298911967	0.0062491754445931	-0.002155082321264646	20
0.155	-0.03111146106771085	0.009271032310768045	0.006636691150466272	-0.0023031904090739077	20
0.16	-0.03183333718888692	0.009511110590673106	0.007042073897298608	-0.0024586586948435545	20
0.165	-0.032577003613024284	0.00975681014438375	0.007466223506821035	-0.0026218064006993517	20
0.17	-0.033343436084317474	0.010008304331065076	0.007910092381562019	-0.002792970321782768	20
0.175	-0.034133672506211674	0.010265768739008686	0.00837469429751544	-0.002972500588333141	20
0.18	-0.03494881414390993	0.010529380867375903	0.008861110965628109	-0.0031607658369449984	20
0.185	-0.035790021873061614	0.010799336180876985	0.009370487790950418	-0.0033581542085586264	20
0.19	-0.0366585401425409	0.011075826411279906	0.009904054883267286	-0.0035650704696247285	20
0.195	-0.03755568436329449	0.011359057536938758	0.010463123247710454	-0.003781942591765659	20
0.2	-0.038482849965529836	0.011649242266492643	0.011049083261542081	-0.004009217431059233	20
0.205	-0.039441535530241933	0.011946597964195388	0.01166343781236655	-0.004247367769381941	20
0.21	-0.04043332544825663	0.01225135885193998	0.012307779168088354	-0.004496888594119371	20
0.215	-0.041459918219026254	0.012563755080805488	0.012983826316890247	-0.004758302499407927	20
0.22	-0.042523127897322335	0.012884039062793723	0.013693414407360889	-0.0050321579763800296	20
0.225	-0.043624890549668865	0.01321246314431362	0.01443851659230174	-0.005319033623030227	20
0.23	-0.044767281601065884	0.013549289335655638	0.015221252156169436	-0.005619537272517295	20
0.235	-0.04595252431566771	0.013894797181637147	0.016043903106472003	-0.005934313060126837	20
0.24	-0.04718300467274135	0.01424926685835086	0.01690892241094407	-0.006264034806194555	20
0.245	-0.04846128573794632	0.014612993037737165	0.017818966377574224	-0.006609420495843701	20
0.25	-0.049790121624747066	0.014986280843860295	0.018776889788182875	-0.006971222148234166	20
0.255	-0.051172488537183564	0.015369440336739173	0.01978579433123781	-0.007350235815050088	20
0.26	-0.05261158505280205	0.015762797554910692	0.020849028714857828	-0.007747303118153806	20
0.265	-0.05411087560836629	0.016166683180099138	0.02197022233415604	-0.00816331097666977	20
0.27	-0.05567409936873656	0.016581437724612704	0.02315331611968678	-0.008599194330486018	20
0.275	-0.05730532352093701	0.017007410875592596	0.024402612164841728	-0.009055945402917818	20
0.28	-0.05900894026391153	0.01744496004189982	0.025722783741225216	-0.009534620629327657	20
0.285	-0.060789739103042764	0.0178944507169847	0.027118933725138576	-0.01003632492913896	20
0.29	-0.06265293561259426	0.01835625064263279	0.02859662465973102	-0.01056222385710109	20
0.295	-0.06460422044184384	0.018830723833056034	0.03016197838067549	-0.011113563904417001	20
0.3	-0.06664980392584599	0.019318245202852042	0.03182169723629574	-0.011691657731910008	20
0.305	-0.06879650757287366	0.01981918587801654	0.03358314189738819	-0.0122978950137514	20
0.31	-0.0710518027689784	0.020333905192170598	0.03545443707339002	-0.012933739862032423	20
0.315	-0.07342392270281116	0.020862743937413216	0.03744454358475127	-0.013600735314452462	20
0.32	-0.07592193623323293	0.021406033146083314	0.039563388142381695	-0.014300530164704006	20
0.325	-0.07855588288407667	0.021964077435337334	0.04182196582752938	-0.015034831894044214	20
0.33	-0.08133688247037754	0.02253713460455145	0.044232549953467204	-0.01580547899880623	20
0.335	-0.08427729352374633	0.023125413611567974	0.04680878665049417	-0.016614371493534615	20
0.34	-0.08739090314258394	0.02372906249075355	0.04956596929439495	-0.01746352085957189	20
0.345	-0.09069311912054565	0.024348127634997642	0.052521238519175215	-0.018355005694989653	20
0.35	-0.09420123937447467	0.024982552775218485	0.05569391903116968	-0.01929103669588733	20
0.355	-0.09793472421634576	0.025632123402348383	0.05910582152214147	-0.020273856921858943	20
0.36	-0.10191558043072814	0.02629643842048189	0.06278168885232115	-0.021305822760422557	20
0.365	-0.10616877608127342	0.02697485505252923	0.06674966157483869	-0.022389281096893227	20
0.37	-0.11072274692241378	0.027666411381455334	0.07104194887690553	-0.02352663688082706	20
0.375	-0.11561006433530083	0.028369732138380205	0.07569552431907119	-0.02472024690832466	20
0.38	-0.12086817404506528	0.029082942401347373	0.0807530287044351	-0.025972344627256495	20
0.385	-0.12654040267269748	0.02980348688679923	0.0862639454037928	-0.027285030052975338	20
0.39	-0.1326771395398802	0.030527957373492065	0.0922860455476828	-0.028660088925450345	20
0.395	-0.13933734921802785	0.031251789384206	0.09888712099709972	-0.03009881114099034	30
0.4	-0.14659052996243382	0.03196899206182093	0.10614724186701055	-0.03160168855838631	30
0.405	-0.15451920429197247	0.032671587768923774	0.11416183800871016	-0.033168225923184705	40
0.41	-0.16322214920906805	0.033349050595062275	0.12304539430124248	-0.03479627087349524	40
0.415	-0.1728186996325989	0.03398737330648913	0.13293659238827193	-0.036481336984920114	40
0.42	-0.18345448055416846	0.03456785501614818	0.14400514832758352	-0.03821567732931417	40
0.425	-0.1953092292780207	0.03506536553527384	0.1564608023439983	-0.039986396642837735	40
0.43	-0.20860759865165504	0.03544573665002365	0.17056664900663224	-0.041773652828320205	40
0.435	-0.2236344968638056	0.035662099796598276	0.18665681052258165	-0.04354686353009428	40
0.44	-0.24075732154043164	0.0356491417832238	0.20516298264188587	-0.0452592892555523	40
0.445	-0.2604588737797258	0.03531433640956991	0.22665342682804968	-0.04683945987988455	40
0.45	-0.2833881166156459	0.034523748086004266	0.2518931582316534	-0.048177462438338724	40
0.455	-0.31044092174059695	0.03307866145023646	0.28193911974095764	-0.0491004677547163	40
0.46	-0.34289426291395964	0.030674700920928423	0.31829970212343167	-0.049331492217714414	40
0.465	-0.38264207809099	0.026826800192149936	0.3632125241564212	-0.04840997152567521	40
0.47	-0.4326375998677234	0.020722383626553917	0.4201669965525092	-0.04553553247349479	40
0.475	-0.4977976896823297	0.010905656263849553	0.49497001326479567	-0.03922790303733779	40
0.48	-0.5870750174371806	-0.005481694454291169	0.5981810927467713	-0.02649476517128524	40
0.485	-0.7190458714848951	-0.034863281570791216	0.7516667405804737	-0.00043846930115659655	50
0.49	-0.9413255789063185	-0.09523441386378151	1.0113029861499505	0.058698145351623376	50
0.495	-1.4398149041172803	-0.26519116851589153	1.594157820007771	0.23893169082766674	60