0.	-0.019494860397257466	0.0050178358729758375	0	0	20
0.005	-0.01986761501956661	0.005154590648785251	0.00011972357203673888	-0.00003127868121830977	40
0.01	-0.020247730667098483	0.005293975297900687	0.00024508881470031434	-0.00006496499658978911	40
0.015	-0.02063544556005587	0.0054360483363150355	0.00037630146767068495	-0.00010115805324708917	40
0.02	-0.021031006657059585	0.005580872380645547	0.0005135753777712668	-0.00013996067821177153	40
0.025	-0.02143465964199574	0.0057285120254382295	0.0006571358994476704	-0.00018147939643555096	40
0.03	-0.02184668162447504	0.005879026649131175	0.0008072159258164259	-0.00022582468166296637	30
0.035	-0.022267340534391673	0.006032489889882668	0.0009640641252600434	-0.0002731112563822455	40
0.04	-0.022696927821959582	0.006188977309953776	0.0011279346845637062	-0.0003234585705039319	30
0.045	-0.02313574505598788	0.006348554004660247	0.0012990978274959903	-0.0003769900580854334	30
0.05	-0.023584106119880297	0.0065112979394440235	0.0014778357256054944	-0.00043383411272256557	30
0.055	-0.02404233276786489	0.006677293490261553	0.0016644447388205561	-0.0004941248635375774	30
0.06	-0.024510775538110225	0.006846618126455406	0.0018592323403162237	-0.0005580008827275898	30
0.065	-0.024989788973422036	0.007019357785792164	0.0020625244960351917	-0.000625606601916776	30
0.07	-0.025479745801074302	0.007195603389204724	0.002274663188761442	-0.000697092575167891	20
0.075	-0.025981037395648877	0.007375443108346152	0.0024960066467090217	-0.0007726152276717767	20
0.08	-0.026494072325686076	0.007558977657616393	0.0027269298880918174	-0.0008523377041884649	20
0.085	-0.027019282549643257	0.00774630077032132	0.0029678283544559737	-0.0009364295058358484	20
0.09	-0.027557112274372405	0.00793751176095626	0.00321911963765663	-0.001025067024086558	20
0.095	-0.02810803508005747	0.008132727242116175	0.0034812384227229905	-0.0011184357264204243	20
0.1	-0.028672545128951843	0.008332052198472122	0.0037546493365556727	-0.001216727658565636	20
0.105	-0.029251154143802444	0.008535601381641746	0.004039833729042545	-0.001320142925151419	20
0.11	-0.029844414140067745	0.008743494489977107	0.004337304336206783	-0.0014288910348221162	20
0.115	-0.030452888237508743	0.008955856496561365	0.004647601208206502	-0.001543191291290654	20
0.12	-0.031077178079596892	0.009172816673440953	0.004971290392526546	-0.0016632713999166773	20
0.125	-0.03171791904744821	0.00939450653033449	0.005308976412005771	-0.0017893699849315513	20
0.13	-0.03237576970082387	0.009621071693229634	0.005661288950448663	-0.0019217374387915883	20
0.135	-0.03305142936226493	0.009852649025331863	0.006028900303910966	-0.0020606331168806194	20
0.14	-0.033745636649465886	0.010089393852712944	0.006412521542497492	-0.0022063311995935606	20
0.145	-0.03445916379021665	0.010331465098808229	0.006812900752797852	-0.0023591181250306645	20
0.15	-0.03519283601753921	0.010579018645122142	0.0072308337108495544	-0.0025192911089568183	20
0.155	-0.035947514062019494	0.01083223412651866	0.0076671631794581925	-0.002687165486516356	20
0.16	-0.03672411176507025	0.01109128447344684	0.00812277993182854	-0.0028630690776606945	20
0.165	-0.03752359923516116	0.011356351520063063	0.008598636200100982	-0.0030473462690761527	20
0.17	-0.03834699294821051	0.01162762834251178	0.009095737432905964	-0.003240359481383371	20
0.175	-0.03919537906940959	0.011905317542527865	0.009615154408482623	-0.003442487201122384	20
0.18	-0.04006990681758657	0.012189621696661875	0.010158028597729364	-0.003654127735169839	20
0.185	-0.04097178902756199	0.01248076343063466	0.010725568051323063	-0.0038757006765307313	20
0.19	-0.04190232285074216	0.012778966945052784	0.01131906921584245	-0.004107645242327788	20
0.195	-0.042862882220924686	0.013084467934801796	0.011939913997892935	-0.004350425060585901	20
0.2	-0.043854923125921916	0.013397511772637663	0.012589566140556431	-0.004604524858863537	20
0.205	-0.04488000795579186	0.013718350831334075	0.01326960786037728	-0.0048704584711916415	20
0.21	-0.04593978763389869	0.014047259812691726	0.013981713357068413	-0.00514876500283223	20
0.215	-0.047036032797473495	0.014384511658303279	0.014727690392620148	-0.005440015034685467	20
0.22	-0.04817063472823414	0.014730400246408447	0.015509467528775002	-0.0057448063049672475	20
0.225	-0.04934561101960984	0.015085226270050777	0.01632911746596777	-0.006063772033114492	20
0.23	-0.050563117996014345	0.01544930372293388	0.017188863035677043	-0.006397578430787566	20
0.235	-0.05182547618717753	0.015822967492670356	0.018091100509468785	-0.006746932616642545	20
0.24	-0.053135167582088624	0.01620655798300701	0.019038401292687683	-0.007112576072721286	20
0.245	-0.05449485653779529	0.01660043180154868	0.020033548956184716	-0.0074952994105491316	20
0.25	-0.055907414509990566	0.01700496434237855	0.021079535922579447	-0.007895933758915698	20
0.255	-0.05737593245398744	0.017420543419765663	0.022179608345152854	-0.008315361787121434	20
0.26	-0.058903738586923035	0.017847575302428913	0.02333727156738411	-0.00875451746860331	20
0.265	-0.060494431739734206	0.01828647602862936	0.024556320436692848	-0.009214387025359403	20
0.27	-0.06215190573189833	0.01873768870941899	0.025840877892107338	-0.009696017430790037	20
0.275	-0.06388037787736424	0.01920166589344005	0.027195436242977968	-0.010200519359301403	20
0.28	-0.06568441859360284	0.019678880666858516	0.028624879896169526	-0.010729081311858025	20
0.285	-0.06756900083893862	0.020169820341508635	0.03013453555258288	-0.01128294869235467	20
0.29	-0.06953954088780412	0.020674993091221384	0.03173020665876007	-0.011863443929817467	20
0.295	-0.07160194941072141	0.021194918042911303	0.03341828026290879	-0.012471988488216278	20
0.3	-0.0737626709055978	0.02173013334006887	0.035205743360962015	-0.013110082722046628	20
0.305	-0.07602878512804012	0.022281195009191766	0.037100265573858045	-0.01377932579831244	20
0.31	-0.07840805013755629	0.022848663409402413	0.03911031330117412	-0.014481411868906847	20
0.315	-0.08090900075530424	0.02343310272386643	0.04124521265154056	-0.015218138568119157	20
0.32	-0.0835410526671565	0.02403510434623307	0.043515299407967264	-0.015991446276238844	20
0.325	-0.08631461165764089	0.02465523604108505	0.04593200838708225	-0.016803349132053315	20
0.33	-0.08924121283321526	0.02529407681998703	0.048508106261276815	-0.017656048128363275	20
0.335	-0.0923336664765217	0.025952182199712744	0.05125777600153569	-0.018551838338484474	20
0.34	-0.09560626678769749	0.02663008903658933	0.05419691076717094	-0.01949317682033717	20
0.345	-0.09907498709715401	0.02732828446168204	0.05734331668602072	-0.020482644364416942	20
0.35	-0.10275774461034662	0.02804720733724992	0.06071705486737612	-0.021523021378903034	20
0.355	-0.10667471275035892	0.028787217032817697	0.06434076956739015	-0.02261720189557597	20
0.36	-0.11084869281409884	0.029548542077372043	0.06824013624579567	-0.023768273960001807	20
0.365	-0.11530554198007989	0.030331279846512724	0.07244433901749889	-0.02497942813153085	20
0.37	-0.12007472413403927	0.03113531128195003	0.07698678536831399	-0.026254041120631046	20
0.375	-0.12518996898239107	0.03196024576113934	0.08190580081830172	-0.027595598121098342	20
0.38	-0.1306900629526804	0.0328053234507774	0.0872455824563407	-0.029007622221435818	20
0.385	-0.13661986513129845	0.03366930747067005	0.09305739450020535	-0.030493735669929994	20
0.39	-0.14303155675995521	0.03455033345077781	0.09940108356485157	-0.03205751009718486	20
0.395	-0.14998619116918965	0.03544566211642565	0.1063468701165895	-0.033702352228071754	20
0.4	-0.15755573579759058	0.03635145191312695	0.11397762898520919	-0.03543125576416531	20
0.405	-0.16582562651812227	0.03726231766853177	0.12239215731694152	-0.0372466843024098	20
0.41	-0.17489812190786588	0.03817083765324153	0.1317090068766224	-0.039150188211679815	30
0.415	-0.1848968053585216	0.03906680678696918	0.14207165635970648	-0.04114166133420178	30
0.42	-0.19597244326119828	0.03993618721322478	0.15365574203316107	-0.04321882345655651	40
0.425	-0.20831113671054144	0.04075961905032989	0.16667828200234563	-0.04537552877063171	40
0.43	-0.2221455149484174	0.04151023197387037	0.18141149791430825	-0.047600502905549215	40
0.435	-0.23777064579251098	0.04215041182054807	0.19820111094053294	-0.049874056349456325	40
0.44	-0.2555669806995889	0.042626885120392644	0.2174937380505882	-0.05216362107121137	40
0.445	-0.27603462643261767	0.04286295966848443	0.23987739351256995	-0.05441641640336982	40
0.45	-0.2998458204324649	0.042746085335224906	0.26614367719090565	-0.056547818989955145	40
0.455	-0.32792867256347985	0.04210700954600577	0.2973863700936921	-0.05841987989677906	40
0.46	-0.36160628649978455	0.040683337542308295	0.3351666369112419	-0.05980542050849187	40
0.465	-0.4028411597816763	0.03805200104271245	0.38180062091767497	-0.06031747362150212	40
0.47	-0.45469359768005635	0.033496102834553204	0.44090061336544606	-0.059269375485063794	40
0.475	-0.5222585211533014	0.02571706766552152	0.5184783045396005	-0.05536774949633913	40
0.48	-0.6148110822160772	0.012136064024063274	0.6254650861435459	-0.045952300779908806	40
0.485	-0.7515868393215055	-0.013111616360308637	0.7844901164111088	-0.024788240010385293	50
0.49	-0.9818366354922018	-0.06667286928511329	1.0533276448632067	0.026287844540011485	50
0.495	-1.4973392969100479	-0.22244076883910924	1.65588893178791	0.189774657528625	60