0.	-0.1862953681572332	0.008678642534569826	0	0	19
0.005	-0.01563100576951281	0.04001599971729966	3.6653243773346658	0.7181532912491728	19
0.01	-0.13956429438346912	0.06919615148488495	0.9818410110301724	1.3280528274118748	19
0.015	-0.17657095806140352	0.0318164343244493	0.1866722772162301	0.5216041596626413	19
0.02	-0.18247644809652147	0.017915744310189774	0.05750666296210433	0.22774932281836338	19
0.025	-0.18394123569549176	0.012450382570327101	0.022869450055958196	0.1166319672445566	19
0.03	-0.1844080396832709	0.009825222550667284	0.00973443623809565	0.06693909442616366	19
0.035	-0.18456945012563158	0.008330507624455488	0.0035335549921277996	0.04167877668474467	19
0.04	-0.18462391472155373	0.007350973953319961	0.00011943604358010187	0.027552322827729278	20
0.045	-0.18464315702126394	0.006631453126586376	-0.0019999001718385614	0.01904830535221995	20
0.05	-0.18465759209891625	0.0060536097655508325	-0.0034538856478341096	0.013613153203894033	20
0.055	-0.18468169431836845	0.005557398014129564	-0.0045403185400196625	0.009952807590226882	20
0.06	-0.18472315343277299	0.005110101983636886	-0.005415996765770363	0.007363641365481149	20
0.065	-0.1847865486878123	0.004692760691198908	-0.006173015120940789	0.0054391473952946755	20
0.07	-0.18487505444072028	0.004293887515091424	-0.006874182698369525	0.003934224005565832	20
0.075	-0.18499126409142322	0.003906452840280284	-0.007570124441157905	0.0026999823707799285	20
0.08	-0.18513749061843685	0.0035264648512748353	-0.008305452029675883	0.001653077112717491	20
0.085	-0.18531560385286638	0.003152302514823853	-0.009115105554082058	0.0007613593096917827	20
0.09	-0.18552644254669295	0.0027841611990428866	-0.0100116010949541	0.00003203319160882678	20
0.095	-0.18576915291227253	0.0024230120255939874	-0.010970596247631902	-0.0005105865714947716	20
0.1	-0.18604127604405457	0.002069052481400463	-0.011932447469680377	-0.0008584029100968784	20
0.105	-0.18634006344091097	0.0017206202243861546	-0.01283025522102371	-0.0010431285573101285	20
0.11	-0.18666411590329787	0.0013746106430016086	-0.013625139688043086	-0.0011276287303043676	20
0.115	-0.18701389817596062	0.0010279161488832567	-0.014317548896354637	-0.001175079946372175	20
0.12	-0.18739101578000952	0.0006784590682044622	-0.01493188895124517	-0.0012266396820490647	20
0.125	-0.18779728537998958	0.00032526222309292585	-0.015496327280657455	-0.0012997046871737732	21
0.13	-0.18823420721820497	-0.00003196875974320612	-0.016032156665133496	-0.0013969186478294216	21
0.135	-0.18870295421548094	-0.0003932653820764437	-0.016552235628411474	-0.0015149650032241415	21
0.14	-0.18920444339021644	-0.0007586192141595116	-0.01706323772375554	-0.0016495160026354927	21
0.145	-0.1897394684677367	-0.0011280696724644546	-0.017568243263586362	-0.0017970942030169287	21
0.15	-0.19030878640389093	-0.001501718204150626	-0.018068548512023736	-0.001955384519611323	21
0.155	-0.19091316651193793	-0.0018797178668067682	-0.01856467235601664	-0.0021230063103837944	21
0.16	-0.19155341470175083	-0.0022622588957090933	-0.019056832736433438	-0.0022992023333169463	21
0.165	-0.19223038701265693	-0.002649558464429408	-0.019545170126126356	-0.0024836022462894703	21
0.17	-0.1929449951307399	-0.0030418534917451	-0.020029812795020988	-0.0026760604352862854	21
0.17500000000000002	-0.19369821108322643	-0.0034393970925132578	-0.020510905011190524	-0.0028765632429204498	21
0.18	-0.19449107105217664	-0.0038424568353851163	-0.02098861543994466	-0.0030851764184691354	21
0.185	-0.19532468920071563	-0.004251313453893638	-0.02146312482683935	-0.003302012762853309	22
0.19	-0.1962002202783423	-0.004666262382370015	-0.021934625523992144	-0.0035272177684677504	22
0.195	-0.19711892536790918	-0.005087613084740691	-0.022403322589164606	-0.0037609610678906707	22
0.2	-0.1980821363039681	-0.005515690124281658	-0.02286942740390462	-0.004003431606738322	22
0.20500000000000002	-0.19909127080865177	-0.00595083404385946	-0.023333154865791454	-0.004254834750789106	22
0.21	-0.20014783890478768	-0.006393402601609283	-0.023794730994697394	-0.004515394424215617	22
0.215	-0.20125344875005696	-0.006843771919333108	-0.024254387479167843	-0.004785351297058882	22
0.22	-0.2024098135290863	-0.007302337813799034	-0.024712356385568283	-0.005064961296149915	22
0.225	-0.2036187597172121	-0.007769517538353254	-0.025168884403859174	-0.005354501119161983	22
0.23	-0.20488224589528925	-0.00824574803087888	-0.025624218037035334	-0.0056542640438020765	23
0.23500000000000001	-0.2062023291791411	-0.00873149888222452	-0.026078618665053573	-0.005964567470702022	23
0.24	-0.20758123851413984	-0.009227259338592239	-0.026532345989770587	-0.0062857453818143255	23
0.245	-0.20902134564024566	-0.009733549929509422	-0.026985685204674557	-0.0066181614752929335	23
0.25	-0.21052518562742384	-0.010250922065971765	-0.027438920509266416	-0.006962200399288559	23
0.255	-0.21209547230406345	-0.010779961328012011	-0.027892356891457363	-0.00731827723454581	23
0.26	-0.21373511174183327	-0.011321289593841932	-0.028346300599242126	-0.007686831943872747	23
0.265	-0.21544723199014218	-0.01187556398689553	-0.02880109238202185	-0.008068342676186734	24
0.27	-0.21723515592159084	-0.012443499062350122	-0.029257069530590617	-0.008463317452586785	24
0.275	-0.219102488081451	-0.013025844039209061	-0.029714601547713132	-0.008872304417247335	24
0.28	-0.22105309465448444	-0.013623404210968554	-0.030174077007347908	-0.00929589305448176	24
0.28500000000000003	-0.22309113982848316	-0.01423704130543163	-0.030635907457985292	-0.00973471749949104	24
0.29	-0.22522111425056798	-0.01486767921128583	-0.031100526565443258	-0.010189460138800281	24
0.295	-0.22744787896833576	-0.015516301832509363	-0.03156840541411864	-0.010660857331912344	25
0.3	-0.22977665840587808	-0.016183991496647163	-0.03204003791446756	-0.01114970658461692	25
0.305	-0.23221314554101424	-0.01687189212472985	-0.03251596245845084	-0.011656869439583396	25
0.31	-0.23476350640364346	-0.017581245971609427	-0.03299675600582331	-0.012183279850920156	25
0.315	-0.2374344431701234	-0.018313396657275494	-0.033483040573899225	-0.012729951186902979	25
0.32	-0.24023326361266684	-0.019069788276842192	-0.03397549078773485	-0.013297983661457421	26
0.325	-0.24316791192499293	-0.019852024429714343	-0.034474836444348365	-0.013888580689054571	26
0.33	-0.24624710473523323	-0.02066181775288567	-0.03498187762282707	-0.014503051994489173	26
0.335	-0.24948038297526795	-0.02150104719368584	-0.035497482216025195	-0.01514282940244899	26
0.34	-0.25287823366205026	-0.022371752931724248	-0.036022610489431485	-0.01580948345660451	27
0.34500000000000003	-0.2564521794190629	-0.02327621600142736	-0.036558312422942524	-0.016504744493778915	27
0.35000000000000003	-0.2602149667474898	-0.024216902717400582	-0.03710574750415209	-0.017230513200481315	27
0.355	-0.26418070401084953	-0.0251965295822396	-0.03766619968656855	-0.017988887207094184	28
0.36	-0.2683650386606567	-0.02621814959301537	-0.0382411025274415	-0.018782201639945872	28
0.365	-0.2727854225694207	-0.027285104733082127	-0.038832048046560985	-0.01961304061790083	28
0.37	-0.277461358954716	-0.0284011122964533	-0.03944082353284671	-0.02048428632039736	29
0.375	-0.2824147188282303	-0.029570383352780102	-0.040069443396586135	-0.021399175182719193	29
0.38	-0.28767015243779553	-0.030797570833136945	-0.04072018143987365	-0.022361329427367276	30
0.385	-0.29325553258065845	-0.03208799118092755	-0.04139561780051796	-0.02337484716001049	30
0.39	-0.2992025453450293	-0.033447591768239235	-0.04209870314658311	-0.024444362464518376	31
0.395	-0.3055473771296262	-0.034883214579510824	-0.042832817800905365	-0.0255751634337272	31
0.4	-0.31233158649710757	-0.03640261241194381	-0.04360187856514888	-0.02677329772362709	32
0.405	-0.3196031933414262	-0.038014787785594056	-0.04441041552149187	-0.028045736367953027	32
0.41000000000000003	-0.327418025947731	-0.03973008772231934	-0.045263742143614845	-0.029400550543265826	33
0.41500000000000004	-0.3358414950589022	-0.04156065303782813	-0.04616812341705542	-0.030847176324283215	34
0.42	-0.3449508406774017	-0.04352075856150256	-0.04713098968505615	-0.032396709209281435	34
0.425	-0.35483804892864507	-0.04562728126519422	-0.04816127624927488	-0.034062317831018644	35
0.43	-0.3656138501360464	-0.04790051641856724	-0.04926978894112795	-0.03585979127770407	36
0.435	-0.3774130000706625	-0.05036503958482377	-0.05046980792390299	-0.037808278802281874	37
0.44	-0.39040164058270316	-0.053051019110437025	-0.05177780074621317	-0.03993127712804406	38
0.445	-0.4047876541478511	-0.05599602912864676	-0.05321455783799327	-0.042258065828632015	40
0.45	-0.4208358277982964	-0.05924773935114144	-0.05480678048785326	-0.04482576799404165	41