0.	-0.02787679692151862	0.008205689839874231	0	0	20
0.005	-0.02732251641556324	0.007975291652131783	-0.00021788447122279202	0.00006329761275480482	20
0.01	-0.02678039357658368	0.007751418893525293	-0.0004257689944261722	0.0001220576435175016	40
0.015	-0.026250061570266582	0.007533854686012924	-0.0006240320134796638	0.00017650862034734996	30
0.02	-0.02573115279944222	0.0073223810501814035	-0.0008130345777663555	0.00022686766410921186	30
0.025	-0.025223308916719697	0.007116787597209278	-0.0009931194805392876	0.00027334117956449394	30
0.03	-0.02472620062920395	0.006916881306268981	-0.0011646193098039724	0.00031612540968091766	40
0.035	-0.02423949860083913	0.006722469408076687	-0.0013278487110022481	0.0003554069620695279	40
0.04	-0.023762898941758582	0.006533371052365178	-0.0014831099889756729	0.00039136350821300324	40
0.045	-0.023296095154263428	0.006349409435763798	-0.001630692559045857	0.0004241638554396816	40
0.05	-0.022838793823106506	0.00617043491858571	-0.0017708731750256928	0.0004539702439599161	40
0.055	-0.022390728533750785	0.005996265330373645	-0.001903917766684185	0.0004809344450318546	40
0.06	-0.021951626204953275	0.005826757882367014	-0.002030080359645031	0.0005052033389919362	40
0.065	-0.021521227418416385	0.005661764816608416	-0.002149605038534751	0.0005269161237828996	50
0.07	-0.02109928779012578	0.005501143434868414	-0.0022627257665138877	0.0005462054178561389	40
0.075	-0.020685560636980956	0.0053447596530298794	-0.00236966713943314	0.0005631979079308241	40
0.08	-0.02027982442982366	0.005192486655363723	-0.0024706443762188093	0.0005780149020307208	40
0.085	-0.019881853535966987	0.005044190559380067	-0.002565864084965041	0.000590770579241929	40
0.09	-0.019491429307588806	0.0048997574291784265	-0.0026555246399694124	0.0006015756278408607	40
0.095	-0.019108341496204197	0.004759076355366957	-0.0027398157336482754	0.0006105358539503588	40
0.1	-0.01873240249189884	0.004622022695706698	-0.002818922228398708	0.0006177496503882338	40
0.105	-0.018363407168585363	0.004488501945071909	-0.0028930184917396466	0.0006233145945438387	40
0.11	-0.018001172285693652	0.004358408037978698	-0.0029622736678213838	0.0006273218963630884	40
0.115	-0.017645516608619613	0.004231637742243054	-0.0030268504490301427	0.0006298583335067772	50
0.12	-0.017296270398637615	0.004108099163852584	-0.0030869058417324533	0.0006310081452111772	40
0.125	-0.01695326012879805	0.003987701688993952	-0.003142588748294846	0.0006308516273331424	40
0.13	-0.016616323469411963	0.0038703505096723077	-0.003194044650800964	0.0006294640879496438	40
0.135	-0.016285304601484734	0.0037559701537514785	-0.003241412974390028	0.000626920539715334	40
0.14	-0.01596004728901273	0.003644473043135523	-0.003284826318774513	0.0006232902253942829	40
0.145	-0.01564040953548495	0.003535779362056391	-0.003324415878183261	0.0006186398440731352	40
0.15	-0.01532624443923402	0.003429814440078433	-0.0033603038948718457	0.0006130341451841286	50
0.155	-0.015017415981342278	0.003326504989300012	-0.0033926114931996975	0.0006065346351359824	40
0.16	-0.014713783858991808	0.003225777973209443	-0.0034214514116085045	0.0005991999535972123	40
0.165	-0.014415221631931237	0.0031275686282727293	-0.0034469363780012556	0.0005910872923701984	40
0.17	-0.014121607496065528	0.003031809832132956	-0.0034691737083728234	0.0005822506305647252	40
0.175	-0.013832815508444424	0.0029384333353308202	-0.003488265682790606	0.0005727408275999742	40
0.18	-0.013548731186501151	0.0028473840458840194	-0.003504313513686984	0.0005626090201364886	40
0.185	-0.013269232680240621	0.0027586006956910403	-0.0035174105072292763	0.0005519028263665061	80
0.19	-0.012994211409301681	0.002672024501394228	-0.003527650206296839	0.0005406675663948323	40
0.195	-0.012723561819326103	0.002587596725036747	-0.003535122135733856	0.0005289463427803061	70
0.2	-0.012457178829169663	0.0025052679055607343	-0.0035399125942779685	0.0005167823577656111	40
0.205	-0.012194959637331611	0.0024249862321711925	-0.0035421042905935214	0.0005042161667724322	70
0.21	-0.011936797736045066	0.0023467025778915684	-0.003541775217922564	0.0004912871218190801	40
0.215	-0.011682611414036306	0.002270364498931518	-0.0035390068665930923	0.00047803114684753843	40
0.22	-0.011432296121155153	0.002195930554010706	-0.0035338709581371705	0.00046448586402915914	50
0.225	-0.011185764131507622	0.0021233499300622413	-0.0035264400148509794	0.00045068412033712397	50
0.23	-0.010942924155736049	0.002052581840895265	-0.0035167827693858775	0.00043666005879120157	60
0.235	-0.010703699726013968	0.0019835799887658397	-0.0035049694918823757	0.0004224440661045846	100
0.24	-0.010467992811446152	0.0019163043835585657	-0.003491059948950315	0.0004080674802612389	60
0.245	-0.01023573267490864	0.0018507208517261737	-0.0034751210757275035	0.0003935612749493379	60
0.25	-0.010006836899516956	0.0017867841494497985	-0.003457211424138051	0.00037895174316940176	50
0.255	-0.009781219662980364	0.001724461992074937	-0.00343738682434172	0.00036426802910387	90
0.26	-0.00955881877160198	0.0016637189789469398	-0.003415707953098993	0.00034953639888301246	50
0.265	-0.00933955251008775	0.001604505340865054	-0.0033922264301166818	0.0003347770514750024	50
0.27	-0.009123347402448106	0.0015468031660032756	-0.0033669937497642836	0.0003200201249437413	100
0.275	-0.008910133445291747	0.0014905790069828326	-0.0033400607360133806	0.00030528896067507705	80
0.28	-0.008699850671945335	0.0014357900346851026	-0.003311479159133294	0.0002906018323385756	80
0.285	-0.008492417904121332	0.0013824132820971448	-0.003281291021625817	0.000275983874302783	60
0.29	-0.008287764755898236	0.0013304167885966596	-0.003249538825649288	0.0002614557110759944	100
0.295	-0.008085847099471537	0.0012797636476731089	-0.0032162744418993473	0.00024703378857860825	90
0.3	-0.00788657815626938	0.0012304392124406914	-0.003181530341567745	0.0002327438201006716	130
0.305	-0.007689919846840423	0.0011824067587462015	-0.0031453562098062143	0.0002186002992322927	80
0.31	-0.007495789032450717	0.0011356427812733922	-0.0031077817536262443	0.00020462341465078205	50
0.315	-0.0073041268395929605	0.0010901293413121602	-0.003068844720206675	0.00019083415160041708	50
0.32	-0.00711488424181293	0.0010458136669870583	-0.0030285835768386433	0.00017723780006174083	100
0.325	-0.006927984076037995	0.0010026923647882277	-0.002987025029556015	0.0001638601384940854	110
0.33	-0.006743382169236322	0.0009607397748149955	-0.0029442066369975606	0.00015071607672285643	130
0.335	-0.006561013363981286	0.0009199192407366031	-0.0029001552191695126	0.00013781539863678082	50
0.34	-0.006380825281231891	0.0008802399517130852	-0.002854902813329777	0.00012518688006473778	130
0.345	-0.006202744808605283	0.0008416396962673378	-0.0028084680034686513	0.00011282808847675656	90
0.35	-0.006026719501881634	0.0008041189245073833	-0.0027608789262946803	0.00010076263916002288	130
0.355	-0.0058526946710919445	0.0007676554610637494	-0.002712159946335254	0.00008900368783802497	130
0.36	-0.005680603226331017	0.0007322106278790641	-0.0026623275903057343	0.00007755675140940226	130
0.365	-0.0055103845158199095	0.0006977933320124107	-0.0026114013125139823	0.00006644841598315784	150
0.37	-0.005341977038110249	0.0006643751093628358	-0.0025593974951800005	0.000055687499292738567	130
0.375	-0.005175310002573892	0.0006319206385275346	-0.0025063248966113788	0.000045279599546899714	150
0.38	-0.0050103272042912725	0.0006004032413677525	-0.002452198777045463	0.000035232838181120164	140
0.385	-0.004846960289625836	0.0005698117450607682	-0.0023970270437349683	0.000025562988450554178	160
0.39	-0.0046851372019332755	0.0005401680320564388	-0.002340816252711294	0.000016301931189404047	140
0.395	-0.004524743933423976	0.00051140624586824	-0.002283544887482098	7.440909915689721e-6	150
0.4	-0.004365763634207683	0.0004835219904490802	-0.0022252415343417815	-1.0047595805798368e-6	160
0.405	-0.004208061288126596	0.0004564841964029382	-0.002165872380822807	-9.02667370593661e-6	170
0.41	-0.004051568847438796	0.00043031807734274544	-0.0021054377403488004	-0.000016591536280612817	170
0.415	-0.003896161778829096	0.0004049854637085731	-0.002043904037298364	-0.000023695324948634037	160
0.42	-0.0037417198091389413	0.0003804109963451232	-0.0019812344769702104	-0.0000303537968094864	180
0.425	-0.003588133547713799	0.0003566146413796505	-0.0019174007774658633	-0.00003653415127322978	190
0.43	-0.003435287956759076	0.00033361291381860683	-0.0018523695897234571	-0.000042204492926374365	160
0.435	-0.003282973369058675	0.00031137556145285076	-0.0017860511452058767	-0.000047350995837339876	190
0.44	-0.0031309092279615987	0.00028980877415754646	-0.0017183084439040697	-0.00005198923594999864	200
0.445	-0.002979031736209058	0.00026899138961266136	-0.0016491292373625101	-0.00005605564267432235	190
0.45	-0.002827046122230494	0.0002488332164765443	-0.0015783608882742027	-0.000059562008742405166	210
0.455	-0.002674307471172141	0.00022923927779945434	-0.0015056491970365299	-0.00006249816112543967	220
0.46	-0.0025208130870247804	0.00021043210079221668	-0.0014310110751797037	-0.00006472039640985112	230
0.465	-0.0023653741648625207	0.0001921170679869415	-0.0013537545816230073	-0.00006628587417482315	250
0.47	Undefined	Undefined	Undefined	Undefined	250
0.475	Undefined	Undefined	Undefined	Undefined	250
0.48	Undefined	Undefined	Undefined	Undefined	250
0.485	Undefined	Undefined	Undefined	Undefined	250
0.49	Undefined	Undefined	Undefined	Undefined	250
0.495	Undefined	Undefined	Undefined	Undefined	250