0.	-0.12784567378916376	0.04116770424997622	0	0	20
0.005	-0.12804570586926012	0.04128786749709065	0.0002593489292229827	-0.00008507612915043686	20
0.01	-0.12826136416591996	0.04141022418743753	0.0005261180049983818	-0.00017566275105661044	20
0.015	-0.1284927776124204	0.0415347949816733	0.0008004333984244239	-0.00027180647437151866	20
0.02	-0.12874007329246615	0.04166160755494519	0.0010824583200648313	-0.00037355607650628187	20
0.025	-0.12900339898069352	0.04179068633972891	0.0013723463740507324	-0.0004809635949560469	20
0.03	-0.12928291629603958	0.0419220601564166	0.001670265541627992	-0.0005940833928883029	20
0.035	-0.12957879822756596	0.0420557507388258	0.0019763874566608884	-0.0007129740332259073	20
0.04	-0.1298912336372831	0.04219178602686233	0.0022908968679285296	-0.0008376953830386451	20
0.045	-0.13022042322023117	0.04233019766135956	0.002613985389750084	-0.0009683119294242846	20
0.05	-0.13056658013560024	0.04247101292115755	0.002945844662564268	-0.0011048903577821824	20
0.055	-0.13092994426334442	0.042614262461156495	0.0032866895465347595	-0.0012475003616839457	20
0.06	-0.1313107499292276	0.042759974682324606	0.003636744161984124	-0.0013962163458532421	20
0.065	-0.13170926477644704	0.04290818443127529	0.003996228343414022	-0.0015511145160386423	20
0.07	-0.1321257680567377	0.04305892299203114	0.004365378961603047	-0.0017122747662751436	20
0.075	-0.13256055723839447	0.04321222410937515	0.004744459479143802	-0.0018797828193578114	20
0.08	-0.1330139418770246	0.04336812531329589	0.005133720487405754	-0.0020537223197369696	20
0.085	-0.1334862536844144	0.0435266549069117	0.005533444426993	-0.002234187805262957	20
0.09	-0.13397784379802308	0.043687851253075366	0.005943911505942322	-0.002421272910109032	20
0.095	-0.13448908499858492	0.04385175481306936	0.006365425378944571	-0.002615076692009204	20
0.1	-0.13502036162690761	0.04401840162379551	0.0067982930152697615	-0.0028157010999348957	20
0.105	-0.13557209112197333	0.04418782854577784	0.007242848315020236	-0.0030232536021076724	20
0.11	-0.1361447044345172	0.04436007636304906	0.007699435260034667	-0.0032378467970751983	20
0.115	-0.13673866228468673	0.04453518566620005	0.008168414320683583	-0.003459594865439658	20
0.12	-0.13735444583518974	0.04471320167297785	0.008650159159269144	-0.0036886192490768206	20
0.125	-0.13799255847615008	0.04489416284659088	0.009145064501034094	-0.003925044819165471	20
0.13	-0.13865354759523874	0.045078104714550406	0.00965353470008004	-0.004168999342293898	20
0.135	-0.13933796483114863	0.0452650858378051	0.01017601411477438	-0.00442062155710745	20
0.14	-0.140046407103561	0.045455142883676636	0.010712948311350569	-0.004680049557089923	20
0.145	-0.140779498343101	0.045648320966762204	0.011264829396255095	-0.0049474309027384665	20
0.15	-0.14153789838137454	0.04584466871783718	0.01183212854306604	-0.005222910683695682	20
0.155	-0.14232229894271534	0.04604423410420473	0.012415375545544343	-0.005506651535169918	20
0.16	-0.14313342445199914	0.04624706088109927	0.013015135816019959	-0.0057988190058050285	20
0.165	-0.14397204834398367	0.04645319906058905	0.013631967035137988	-0.006099572796036915	20
0.17	-0.14483897911742372	0.04666269914774188	0.014266484565552937	-0.006409098333024456	20
0.175	-0.145735068929434	0.046875608752582905	0.0149193225897117	-0.006727573183653461	20
0.18	-0.14666121394195247	0.047091975427544584	0.015591141656920703	-0.007055183814711004	20
0.185	-0.1476183674861971	0.04731185556520487	0.01628266814388779	-0.007392135109576182	20
0.19	-0.14860752875169178	0.04753529306927368	0.01699461225768468	-0.0077386238700128795	20
0.195	-0.1496297508961006	0.04776234045196103	0.017727783698961802	-0.008094869283629097	20
0.2	-0.15068615097387233	0.047993045789748834	0.018482972522914816	-0.008461081302360911	20
0.205	-0.15177791012599054	0.048227462976359006	0.019261072075535318	-0.008837500196871616	20
0.21	-0.15290626828898596	0.04846563881979962	0.020062977051337843	-0.00922434544111756	20
0.215	-0.15407254608958712	0.04870762031811695	0.02088968744439596	-0.009621887272669136	20
0.22	-0.1552781417124525	0.048953454502194196	0.021742179573884152	-0.010030363388544666	20
0.225	-0.1565245273625201	0.049203191624453926	0.02262156758879557	-0.010450042424178105	20
0.23	-0.1578132701261831	0.04945687218238932	0.02352898839697288	-0.01088120686831473	20
0.235	-0.1591460351268236	0.049714539314644805	0.024465631053573446	-0.011324134652805597	20
0.24	-0.16052458165264105	0.04997623290797379	0.02543280007454503	-0.011779137653264889	20
0.245	-0.16195077991487355	0.05024198837345959	0.026431873837956713	-0.012246515974626187	20
0.25	-0.16342663274346633	0.050511836435125086	0.027464250734747904	-0.012726588994929755	20
0.255	-0.16495425046839662	0.05078581189599465	0.02853149890670306	-0.013219692756142242	20
0.26	-0.16653589817415082	0.05106392837367456	0.029635250885239803	-0.013726169261288473	20
0.265	-0.16817398308021364	0.05134620404894698	0.0307772618040379	-0.014246396338293279	20
0.27	-0.16987107990028158	0.05163265385074704	0.03195935397519796	-0.014780723580412046	20
0.275	-0.1716299347408871	0.0519232706834161	0.03318353397216407	-0.015329549510269748	20
0.28	-0.17345349610421887	0.052218044271758864	0.03445191789446996	-0.01589327857361791	20
0.285	-0.17534491228222607	0.052516955618528025	0.03576677282788978	-0.01647234071398635	20
0.29	-0.17730756515894666	0.0528199589043758	0.037130538293736054	-0.017067157990324294	20
0.295	-0.1793450869779146	0.05312701273574175	0.038545799482286786	-0.017678191045518283	20
0.3	-0.18146139094072627	0.05343803577128002	0.04001538220045138	-0.018305902063312514	20
0.305	-0.1836606818897834	0.053752938283179466	0.041542284669211005	-0.018950766944534847	20
0.31	-0.18594750716487668	0.05407159711661509	0.04312973541529712	-0.019613281584583885	20
0.315	-0.18832677713284013	0.05439386479330066	0.044781228629120214	-0.02029397345804184	20
0.32	-0.19080381843088284	0.05471955761543987	0.04650061841250677	-0.020993423209830466	30
0.325	-0.19338437072498804	0.055048429513398806	0.04829196722342399	-0.02171214706833121	30
0.33	-0.1960747093390124	0.05538019980656278	0.05015962635603668	-0.022450630927056785	20
0.335	-0.1988816851508527	0.055714585232362585	0.05210856085839374	-0.023209612404789127	40
0.34	-0.20181270116130084	0.05605110202472391	0.05414405387364031	-0.023989621248367975	20
0.345	-0.20487594348387422	0.05638937392226824	0.056271704879929614	-0.02479123700561174	40
0.35	-0.20808031110229225	0.05672875016357884	0.05849789504424139	-0.025615094724214305	30
0.355	-0.2114356221278726	0.057068574657434104	0.06082951293690625	-0.026461837810235315	30
0.36	-0.21495269497367098	0.05740803640100871	0.06327416384022072	-0.027332164162681027	40
0.365	-0.2186434739626611	0.0577461739373189	0.06584013392690057	-0.02822657932499941	40
0.37	-0.2225212133037029	0.05808183973048253	0.06853674458809553	-0.02914576971424845	40
0.375	-0.2266006444862118	0.05841366096108962	0.07137422953749711	-0.03009027724893852	40
0.38	-0.23089820887064993	0.05874001758916764	0.07436389549698423	-0.03106069965943382	40
0.385	-0.23543232505086253	0.0590589482907016	0.07751875810187832	-0.03205762515398482	40
0.39	-0.24022371226530848	0.05936812897137696	0.08085284125792942	-0.03308139921061931	40
0.395	-0.2452957607618142	0.05966476205821693	0.08438237580902914	-0.03413234695692906	40
0.4	-0.2506750376781004	0.05994546260073015	0.08812550227534041	-0.035210690559375576	40
0.405	-0.25639183457977	0.06020615920671772	0.09210297868483658	-0.036316467260563985	40
0.41	-0.2624809029324495	0.060441895441941215	0.09633839071920342	-0.03744943945864049	40
0.415	-0.26898234837928714	0.06064663981914947	0.100858991339313	-0.03860904908082962	40
0.42	-0.275942785217296	0.06081300128442978	0.10569603941174688	-0.03979422306407875	40
0.425	-0.28341676399491567	0.060931869205573294	0.11088634535137108	-0.041003529163553	40
0.43	-0.29146869800064895	0.06099194555293121	0.11647297272513896	-0.04223468817113032	40
0.435	-0.30017537071757644	0.06097914944624058	0.12250674833029693	-0.043484232291955256	40
0.44	-0.3096292804346202	0.06087580479743862	0.12904869495149876	-0.04474741526688631	40
0.445	-0.31994328718067516	0.060659477680204354	0.13617294918528755	-0.046018107464354974	40
0.45	-0.33125711435210686	0.060301642944594835	0.14397019370195396	-0.0472872057833561	40
0.455	-0.3437468582159656	0.05976557618152706	0.15255389550260678	-0.04854288729919547	40
0.46	-0.35763919502619	0.059003769394696676	0.1620689525901621	-0.04976965769104868	50
0.465	-0.3732341873331079	0.057954335023324255	0.17270408265964163	-0.050946089053945195	50
0.47	-0.39094321924628805	0.05653654809831157	0.18471507561562436	-0.05204553038847349	50
0.475	-0.4113583989643072	0.05464543299528517	0.1984635272251946	-0.05303555611311372	50
0.48	-0.43539262467785245	0.05214706283269086	0.21449576121627	-0.053882015088719364	50
0.485	-0.46460523396836617	0.04887926479775427	0.233724270519747	-0.054569418138524124	60
0.49	-0.5021325537519239	0.04467527030463195	0.25793760636276836	-0.05516512894981966	70
0.495	-0.556496766112542	0.039496523071435946	0.2918850060420759	-0.05612861812711109	80