0.	-0.023480076170894	0.006295054307964225	0	0	20
0.005	-0.02361364408339997	0.0063447641569596425	0.000047841046507627236	-0.000013114148760420808	40
0.01	-0.023748936239813716	0.006393299906798744	0.00009746845772361595	-0.000027282128208223654	40
0.015	-0.02388601238874274	0.006440643477169121	0.00014891353178087978	-0.000042512785929575837	30
0.02	-0.02402492197633397	0.0064867746241802065	0.00020221439432289556	-0.000058814181336805485	40
0.025	-0.024165720131815706	0.006531674890267916	0.0002574075540657201	-0.0000761942220566677	40
0.03	-0.024308468019705903	0.006575322959498153	0.00031453233604362	-0.00009466021775535131	20
0.035	-0.024453221692533805	0.0066176849579012605	0.0003736288340765102	-0.00011421915256283168	20
0.04	-0.02460003689509347	0.006658740045780105	0.0004347396315051898	-0.0001348773280873318	30
0.045	-0.024748980002383625	0.006698461508973023	0.000497908901288569	-0.00015664079706036011	40
0.05	-0.02490010614046131	0.006736822974819381	0.0005631807146287322	-0.00017951504705932182	30
0.055	-0.025053489036180043	0.006773785966573806	0.0006306039395304463	-0.00020350460334039291	40
0.06	-0.025209178262805887	0.00680932237678245	0.0007002288066297074	-0.00022861391112112423	20
0.065	-0.0253672410422179	0.006843389261529088	0.0007721051179990382	-0.0002548462570033355	30
0.07	-0.02552775162309083	0.006875952555370378	0.0008462861937845885	-0.0002822045394411703	20
0.075	-0.025690772473194158	0.006906968547801408	0.000922830116181968	-0.0003106909338084823	30
0.08	-0.025856373950133144	0.006936400319525037	0.0010017927440076906	-0.00034030627781725864	40
0.085	-0.02602462863627856	0.006964195397260394	0.001083236169741643	-0.00037105130929212106	20
0.09	-0.02619560368430837	0.0069903017632808526	0.0011672217401646878	-0.0004029250609768959	30
0.095	-0.026369383268084523	0.007014677452103208	0.0012538159330813892	-0.00043592635467900876	20
0.1	-0.02654603004481937	0.007037257238253814	0.0013430849025078636	-0.00047005185964103406	30
0.105	-0.02672563134301089	0.007057990878522248	0.0014351008691355208	-0.0005052981542890153	30
0.11	-0.026908266120730953	0.00707680918969333	0.001529937611423655	-0.0005416599089209023	30
0.115	-0.02709401486164359	0.007093649646792608	0.0016276718072367078	-0.000579130412702618	30
0.12	-0.027282963745012788	0.0071084450737571355	0.0017283828291865383	-0.0006177020043232893	40
0.125	-0.027475193530062947	0.007121122301061286	0.001832153496178345	-0.0006573650953938697	20
0.13	-0.02767080146147316	0.0071315893517911	0.0019390690348654752	-0.000698107210700602	30
0.135	-0.02786987268993759	0.007139777951885237	0.0020492214380872197	-0.0007399164832855489	30
0.14	-0.028072501442374935	0.007145597291894044	0.0021627028287853115	-0.000782777284712112	30
0.145	-0.028278785711547887	0.007148947918364264	0.002279614275550989	-0.0008266718820798811	30
0.15	-0.028488822720690574	0.007149736809271027	0.002400051700321518	-0.0008715800349873255	40
0.155	-0.02870271681451325	0.007147859228536651	0.0025241225427976256	-0.0009174804509266498	30
0.16	-0.02892056647300396	0.007143198894933461	0.0026519398798512364	-0.0009643478436477982	40
0.165	-0.029142486660691854	0.007135641681779976	0.002783615247731847	-0.0010121528414033785	20
0.17	-0.02936858310700556	0.007125057044504772	0.0029192699654447462	-0.0010608652325238587	20
0.175	-0.029598968669434327	0.007111313322980296	0.003059028077919435	-0.001110449265069309	40
0.18	-0.02983376076363891	0.00709427237624787	0.0032030178951207985	-0.0011608662063067332	30
0.185	-0.030073084204676553	0.007073782129725247	0.003351379438347771	-0.001212073886018638	40
0.19	-0.03031706038355418	0.007049682441301608	0.003504247778338696	-0.0012640241260300448	20
0.195	-0.03056581349631431	0.0070218014243879565	0.0036617756047967907	-0.0013166650840104185	20
0.2	-0.030819472349871743	0.006989953182913244	0.0038241094854580314	-0.0013699368802292274	30
0.205	-0.0310781796225926	0.006953954968888305	0.003991415275503049	-0.0014237786349523124	30
0.21	-0.03134206519188194	0.00691360135220224	0.00416385565621679	-0.0014781181938214548	20
0.215	-0.031611273667860686	0.006868657667165089	0.004341609910353719	-0.0015328792945663743	40
0.22	-0.03188595329101304	0.006818903931332786	0.004524854932392349	-0.0015879781693188821	30
0.225	-0.03216624916052623	0.006764090292406646	0.0047137822135928315	-0.0016433198403521712	40
0.23	-0.032452316478765224	0.006703945859254733	0.004908589697818227	-0.0016988044817354514	40
0.235	-0.032744313250141786	0.0066381902436726745	0.005109481470068091	-0.0017543195975931178	20
0.24	-0.03304239760107852	0.006566508186892821	0.005316674970670478	-0.0018097429834011863	40
0.245	-0.03334673337592624	0.006488583968818178	0.005530396945885402	-0.0018649394541860103	40
0.25	-0.033657489802140166	0.00640406555146724	0.005750877535435083	-0.0019197623454429264	40
0.255	-0.033974837673628855	0.006312579827616465	0.005978365927594542	-0.0019740526046713555	40
0.26	-0.03429894904576364	0.0062137250071215185	0.00621311034036841	-0.002027626847473888	20
0.265	-0.03463000230855279	0.006107054392930002	0.006455386676883526	-0.002080293960861365	40
0.27	-0.03496817489124856	0.0059921262996485754	0.00670546725015987	-0.0021318419483001257	40
0.275	-0.03531364560994779	0.00586842994024101	0.006963641244912643	-0.0021820330530293863	40
0.28	-0.035666595405794164	0.005735421805760097	0.007230219069798137	-0.002230615761279454	40
0.285	-0.036027206392621525	0.005592532470722068	0.007505503301839507	-0.0022773022277666733	40
0.29	-0.03639565764949664	0.005439124001404902	0.00778983544340259	-0.002321782623727937	40
0.295	-0.03677212035707715	0.005274533366239311	0.00808354358898222	-0.0023637176699984838	20
0.3	-0.037156777830044826	0.005098000480669312	0.008386996112201946	-0.0024027247351966043	40
0.305	-0.03754978426918165	0.004908758000790558	0.008700557239098291	-0.002438397800780199	40
0.31	-0.037951303390493005	0.004705931331692576	0.00902460355630398	-0.0024702704656628096	40
0.315	-0.03836147805554909	0.004488588589736735	0.009359531446997357	-0.0024978420684836885	40
0.32	-0.03878044102355036	0.004255698974418931	0.009705762470436675	-0.0025205565591476615	40
0.325	-0.039208293717444366	0.0040061607638328545	0.010063713700666643	-0.0025377955191322726	40
0.33	-0.03964512996034041	0.003738766088129831	0.010433796310501474	-0.00254886324721156	40
0.335	-0.04009099947053632	0.0034521879878904177	0.010816485400903452	-0.0025530209497419847	40
0.34	-0.04054591285652496	0.003144960907113024	0.011212235678486684	-0.0025494153051077413	40
0.345	-0.041009829464435	0.002815519485393138	0.01162146430513322	-0.0025371030796142472	40
0.35	-0.04148265754055318	0.002462104605943741	0.012044659738477357	-0.0025150464417230903	40
0.355	-0.04196420805460848	0.002082804600784449	0.012482269550073982	-0.0024820828193012883	40
0.36	-0.042454217942161164	0.00167549955848861	0.01293474840066796	-0.0024369221368084676	40
0.365	-0.04295228846870532	0.0012378593000216733	0.013402501463406689	-0.0023780898172885622	40
0.37	-0.04345788583952471	0.0007672994524330796	0.013885943040585946	-0.0023039629064543835	40
0.375	-0.04397029847167875	0.00026095404067590783	0.0143854214514162	-0.0022126977397649407	40
0.38	-0.04448857055824768	-0.000284338801049281	0.014901203055842303	-0.0021022452286422223	30
0.385	-0.04501147841808821	-0.0008721280426002148	0.015433541450885598	-0.001970273595161975	40
0.39	-0.045537464064233785	-0.0015063229156851952	0.01598246754330793	-0.0018141562365409187	40
0.395	-0.04606448026774626	-0.002191321257454193	0.016547911159002632	-0.0016308995553761946	40
0.4	-0.04658998721405568	-0.00293201106224604	0.017129567887366928	-0.0014171367342904178	40
0.405	-0.04711070795106173	-0.0037338637948720853	0.01772685110696104	-0.0011690266420821124	40
0.41	-0.04762249472109384	-0.004602989787568193	0.018338766101305012	-0.0008822025468499788	40
0.415	-0.04812005679423063	-0.005546245372776384	0.018963818673651052	-0.0005516683184592624	40
0.42	-0.04859665386377036	-0.006571257882386928	0.019599772084021184	-0.00017173555359946586	40
0.425	-0.04904365549524457	-0.007686494711557232	0.020243527933173952	0.00026406463742414087	40
0.43	-0.04944995212767544	-0.008901342377802577	0.020890695927495682	0.0007631237587282565	40
0.435	-0.049801213618665706	-0.010226100963064692	0.021535147422743192	0.0013338662920550689	60
0.44	-0.05007878879479741	-0.01167175857294717	0.022168440927870386	0.0019857635398365485	40
0.445	-0.050258311037928105	-0.013249888883950279	0.022779019408191013	0.0027293821803471355	40
0.45	-0.05030756765963773	-0.014971721768488638	0.02335076148722725	0.0035762753735384314	40
0.455	-0.05018378201139888	-0.01684725755811043	0.023861430806668513	0.004538634224533761	70
0.46	-0.04982974224381494	-0.018882389552284856	0.024280168104204206	0.005628189948162424	50
0.465	-0.04916795493218566	-0.021074678544472945	0.024563483617661835	0.006854485630034645	80
0.47	-0.04809349319507218	-0.02340490258670961	0.024650489761938798	0.008220734959356173	130
0.475	-0.04646342358029901	-0.025820949768238906	0.02445507665381929	0.00971576494257158	60
0.48	-0.0440835253025619	-0.0282063164499034	0.023855286277516867	0.01129741060395173	140
0.485	-0.04069501702171672	-0.030324802939677903	0.022680665442046357	0.01286157120230979	160
0.49	-0.03595150572130373	-0.03169550794417901	0.020688902813879095	0.014172505396951246	200
0.495	-0.029351109189489976	-0.031244478138820548	0.017504951158314505	0.014669882549982097	240