0.	-0.12784567378916376	0.04116770424997622	0	0	20
0.005	-0.12862696316304267	0.041650283793433586	0.0010322819781158937	-0.0003357114618731175	20
0.01	-0.12943315521493337	0.042145693531350725	0.002084130834621851	-0.0006844914338940145	20
0.015	-0.13026481577674903	0.04265433333756616	0.003156375751121969	-0.0010468505708694322	20
0.02	-0.13112253230495452	0.043176618308066406	0.0042498776742549696	-0.0014233240713678271	20
0.025	-0.13200692997772553	0.043712979558418893	0.005365523410242639	-0.0018144728467232789	20
0.03	-0.13291865954050786	0.04426387968755689	0.006504247431328539	-0.0022208854907499187	20
0.035	-0.13385840952160383	0.04482978931586368	0.007667011121179999	-0.0026431790164388137	20
0.04	-0.1348269002778421	0.04541120629545474	0.00885482014819876	-0.0030820012079952794	20
0.045	-0.13582488793276895	0.04600865549268075	0.010068725719337503	-0.0035380325173842136	20
0.05	-0.136853168388829	0.046622683569301916	0.011309813555001783	-0.004011987229438207	20
0.055	-0.1379125789052079	0.047253861929143284	0.012579227064681994	-0.004504616149504118	20
0.06	-0.13900398927279034	0.04790279229774746	0.013878151874600815	-0.005016708728241516	20
0.065	-0.14012832819022414	0.04857011184203603	0.015207828846226977	-0.00554909610770861	20
0.07	-0.14128655266026335	0.04925647816744975	0.01656956875292267	-0.0061026523126542385	20
0.075	-0.1424796838275749	0.049962585789550006	0.017964717572899244	-0.006678296964319014	20
0.08	-0.14370878994092015	0.050689169031057496	0.019394703286025675	-0.007277000135830403	20
0.085	-0.1449749861788662	0.051436995879019246	0.020861017194396085	-0.007899784060164167	20
0.09	-0.14627945242103135	0.05220687178528921	0.022365220663322014	-0.008547726046664534	20
0.095	-0.1476234276413849	0.052999647578625506	0.023908945571719607	-0.009221963287822557	20
0.1	-0.14900821329138456	0.05381621636165592	0.025493923737515984	-0.009923696692271984	20
0.105	-0.15043517350536256	0.05465752829426252	0.027121954953604758	-0.010654195458064442	20
0.11	-0.15190575815739918	0.05552456448973254	0.028794940371262578	-0.01141479892011217	20
0.115	-0.15342148009650894	0.05641837967431321	0.030514874374332947	-0.012206925955623383	20
0.12	-0.15498393684664627	0.05734007414576622	0.03228386643953809	-0.013032076569488998	20
0.125	-0.15659481444011186	0.058290819176948616	0.034104131027292074	-0.013891840956193231	20
0.13	-0.15825588424684392	0.05927183944558719	0.035978003515049053	-0.014787902343497462	20
0.135	-0.15996902309443642	0.06028443621743532	0.03790794259994961	-0.015722045061684148	20
0.14	-0.1617362068433462	0.06132999173510351	0.03989655903988392	-0.016696166369194926	20
0.145	-0.16355951936592386	0.062409959061157316	0.0419465911969849	-0.017712276358725146	20
0.15	-0.16544116769727182	0.06352588389289134	0.0440609541204809	-0.018772514236507686	20
0.155	-0.16738348248498883	0.0646793996830129	0.04624271429858707	-0.019879152180923645	20
0.16	-0.16938892708392253	0.0658722426679043	0.04849514108917799	-0.021034611443268954	20
0.165	-0.1714601149655036	0.06710625658105593	0.050821676607947036	-0.022241468842973722	20
0.17	-0.17359980804419772	0.06838339672479764	0.05322598888931784	-0.023502471780447842	20
0.175	-0.17581094086862728	0.06970574360033145	0.05571197089839755	-0.024820551181055424	20
0.18	-0.1780966226267806	0.07107551332240813	0.05828374452262025	-0.02619883511934806	20
0.185	-0.18046015386221004	0.07249506574985626	0.06094572223288646	-0.027640672936970225	20
0.19	-0.18290504655513354	0.07396691389227979	0.06370257225342746	-0.029149636531993123	20
0.195	-0.18543503393887245	0.07549374921145473	0.06655928547300034	-0.030729563744133027	20
0.2	-0.18805408608254565	0.07707843220926819	0.06952118914340365	-0.03238455609321694	20
0.205	-0.19076643793304504	0.0787240290519001	0.07259396360519242	-0.03411902132661684	20
0.21	-0.19357660495736018	0.08043382843001064	0.07578368898084417	-0.03593769163293384	20
0.215	-0.19648940495601566	0.08221134487635832	0.07909686646146108	-0.03784565413329554	20
0.22	-0.1995099919397957	0.08406035366656027	0.08254045399272429	-0.03984838464010249	20
0.225	-0.20264387337647088	0.08598490573175584	0.08612193831692908	-0.041951789030849895	20
0.23	-0.20589695815851053	0.08798936320716158	0.08984932570635998	-0.04416222741832129	20
0.235	-0.20927557204550648	0.09007841658555348	0.09373125560365132	-0.046486579535100325	20
0.24	-0.2127865070458055	0.09225712703542928	0.09777701119221849	-0.04893228953063043	20
0.245	-0.21643707008510618	0.0945309563420584	0.10199661003699015	-0.05150741273060342	20
0.25	-0.22023511924529363	0.09690580331887833	0.10640085403077935	-0.05422068807627194	20
0.255	-0.22418913142836622	0.09938806392299848	0.11100142811312871	-0.05708160803301015	20
0.26	-0.22830824577637893	0.10198466911342632	0.11581097463762456	-0.06010049943153799	20
0.265	-0.23260235043600502	0.10470313956504114	0.12084320989293953	-0.0632886078758645	20
0.27	-0.2370821433312178	0.10755165994022169	0.12611301238995296	-0.06665821291654249	20
0.275	-0.241759224919231	0.1105391435733878	0.1316366064616299	-0.07022273391148472	20
0.28	-0.24664619712558986	0.11367532496410523	0.1374316180141205	-0.07399686169057539	20
0.285	-0.25175676926697416	0.11697084209918726	0.14351731257925654	-0.07799671093986901	20
0.29	-0.25710588309045024	0.12043734774332018	0.14991476496912196	-0.08223999946914759	20
0.295	-0.26270985906239613	0.12408763956509897	0.1566470611717857	-0.08674624222719539	20
0.3	-0.26858655413136495	0.12793578304816564	0.1637395435953533	-0.09153695957794813	20
0.305	-0.2747555464613065	0.13199730292559908	0.17122011507217175	-0.09663598111739292	20
0.31	-0.28123835876602143	0.13628933308019195	0.17911953705723405	-0.10206970168384573	20
0.315	-0.2880586969705852	0.14083086394728891	0.18747180760522747	-0.10786745353459179	20
0.32	-0.29524273416919544	0.14564298496987663	0.19631463121403672	-0.11406194711475283	20
0.325	-0.3028194510091627	0.15074916576707328	0.20568986841980208	-0.12068967159774319	20
0.33	-0.3108210191690696	0.1561756269279153	0.21564419747790184	-0.1277915501041941	20
0.335	-0.31928324456284235	0.16195172572065772	0.22622975226728584	-0.13541354866183955	20
0.34	-0.3282461268550359	0.1681104478151264	0.23750498331057998	-0.14360747280103658	20
0.345	-0.337754464053155	0.1746889744076077	0.24953562377945745	-0.15243192634505692	20
0.35	-0.347858617843465	0.18172937106805145	0.26239584811991806	-0.1619534013728685	20
0.355	-0.35861540184772717	0.18927939299859767	0.27616968788583096	-0.17224767680812858	20
0.36	-0.37008917453796747	0.19739350717813273	0.29095269814783964	-0.18340142382561145	20
0.365	-0.3823531190305894	0.2061340546527831	0.30685396595125036	-0.19551418267185636	20
0.37	-0.3954908362756026	0.21557276879612644	0.3239986837857783	-0.20870088825448874	20
0.375	-0.4095982844449439	0.225792549793165	0.3425310842951804	-0.22309475961256195	20
0.38	-0.4247861779063563	0.23688975746468038	0.3626183496055861	-0.2388512293955924	20
0.385	-0.4411829435569446	0.24897699984483573	0.3844552319005034	-0.25615244455195374	20
0.39	-0.4589384729085937	0.2621867146778666	0.4082700434451746	-0.27521343045049373	20
0.395	-0.47822883735762156	0.2766756947576935	0.4343321678044689	-0.29628951743171006	20
0.4	-0.49926234003225817	0.2926309544332267	0.46296178005525707	-0.3196863021499182	20
0.405	-0.5222873424998632	0.3102773192800868	0.4945424508422571	-0.3457724274445424	20
0.41	-0.5476024836410991	0.3298874607783526	0.5295376494285288	-0.37499650041889643	20
0.415	-0.575570307399672	0.35179533611055747	0.5685125724756496	-0.40790966028015757	20
0.42	-0.6066355380399697	0.3764143799852258	0.6121641899913229	-0.4451966289070106	20
0.425	-0.6413501461954847	0.40426259622765365	0.6613619705282479	-0.48771822065497594	20
0.43	-0.6804083321186268	0.435997909234622	0.7172050563576153	-0.536571455112038	20
0.435	-0.7246963068406291	0.4724688249688372	0.7811041785190618	-0.5931759332179387	20
0.44	-0.775364926023862	0.5147890549663925	0.8549016583731985	-0.6594016395228389	20
0.445	-0.8339385743033598	0.5644502823284722	0.941051481292384	-0.7377614441307792	20
0.45	-0.9024836050053858	0.6234982448182048	1.0428997461390441	-0.8317140962344887	20
0.455	-0.9838788193601878	0.6948182618797656	1.1651372951898953	-0.9461552158279123	30
0.46	-1.0822697353179487	0.7826195487839948	1.314559906767236	-1.0882512792339991	30
0.465	-1.2038733918973394	0.8933024587971399	1.5014281585492906	-1.2689407135888833	30
0.47	-1.3585043662542025	1.0371213235595644	1.7420504919858217	-1.5058121639687454	40
0.475	-1.562728807697661	1.2316628701309242	2.06415262342313	-1.829145892529298	40
0.48	-1.8471823796007727	1.510021628424206	2.5193993460932127	-2.2961459750615947	40
0.485	-2.276575409544962	1.9434670798593463	3.2178083666007984	-3.030502507699687	40
0.49	-3.020363719136783	2.7228041607503926	4.450040584230491	-4.36480048136716	40
0.495	-4.759358582487302	4.6356004283384165	7.395738672842906	-7.678527853843212	40