0.	-0.028977601308778744	-0.011712710043048634	0	0	20
0.005	-0.028976980798963593	-0.011714298929121559	1.0109608224124135e-6	-1.7580642988063983e-7	40
0.01	-0.028975356868726064	-0.011719384438628414	4.045824709950023e-6	-7.00135465791575e-7	40
0.015	-0.028972644513261436	-0.011727868638929507	9.104027847442307e-6	-1.5723104250620346e-6	40
0.02	-0.028968837510489464	-0.011739750863943067	0.0000161868343392076	-2.788381336377273e-6	40
0.025	-0.028963928465740252	-0.011755042391129063	0.00002529607217714403	-4.342693942618335e-6	40
0.03	-0.02895790291763979	-0.011773743692195051	0.000036434243094790375	-6.227692746292393e-6	40
0.035	-0.028950744086264094	-0.011795861868843531	0.00004960389595173306	-8.434778892787657e-6	40
0.04	-0.028942442097086296	-0.011821414792474706	0.0000648074023432892	-0.000010954647640555248	40
0.045	-0.02893296808893422	-0.011850406223611788	0.00008204927774149431	-0.000013773866583226817	40
0.05	-0.028922305419461582	-0.01188285812461213	0.0001013319611001412	-0.000016881071633779752	40
0.055	-0.028910423661937266	-0.011918778172445552	0.00012266167354682363	-0.000020258675474395908	40
0.06	-0.02889729276907331	-0.011958191175733848	0.00014604141939660308	-0.000023891221069742372	40
0.065	-0.028882883203587097	-0.012001103501331389	0.00017147713450898182	-0.000027759506925270206	40
0.07	-0.028867157158462414	-0.012047547300391134	0.00019897396972841963	-0.00003184341703394379	40
0.075	-0.02885007509360852	-0.012097530773272674	0.00022853751281335703	-0.00003612036450332782	40
0.08	-0.02883160172069344	-0.012151090643535024	0.0002601739339601818	-0.00004056638527813001	40
0.085	-0.028811678945325846	-0.012208240703128651	0.0002938896745317754	-0.00004515458084416495	40
0.09	-0.028790265175699117	-0.012269016458952762	0.0003296903453985868	-0.00004985866016610485	40
0.095	-0.028767309332874358	-0.012333437716629548	0.00036758415499080373	-0.00005464621746979744	40
0.1	-0.028742747172676	-0.01240154103897191	0.00040757707553546667	-0.000059486355171900977	40
0.105	-0.028716523010934407	-0.012473353858861471	0.0004496765289950974	-0.0000643440580461358	40
0.11	-0.02868856636881855	-0.012548903847635032	0.0004938880519353697	-0.00006918395544403994	40
0.115	-0.02865880693951208	-0.012628236854493047	0.0005402203043993525	-0.00007396497023924912	40
0.12	-0.02862717002354772	-0.01271137346822777	0.0005886795539789885	-0.0000786473126315547	40
0.125	-0.02859357892177397	-0.012798363765148861	0.0006392717563614538	-0.00008318666933189531	40
0.13	-0.028557945229559067	-0.012889243381112022	0.0006920031139149468	-0.00008753704091161027	40
0.135	-0.02852017542888722	-0.01298405003796534	0.0007468813182447632	-0.00009164872159523815	40
0.14	-0.028480179941675503	-0.013082827425176783	0.0008039127915684298	-0.00009546899640712798	40
0.145	-0.028437847846940787	-0.01318561731485847	0.0008630990973839042	-0.000098945512368605	40
0.15	-0.028393076127100413	-0.013292466304790349	0.0009244499405480836	-0.00010201677538594273	40
0.155	-0.02834574841390364	-0.013403419260317573	0.000987965467530924	-0.00010462498491360387	40
0.16	-0.028295736443249016	-0.013518523501313948	0.001053648288176014	-0.0001067051273268712	40
0.165	-0.028242906734787937	-0.013637824980090528	0.0011215044493815421	-0.00010818844299576109	40
0.17	-0.028187133031964982	-0.013761379836534665	0.001191530300773373	-0.00010900503657999263	40
0.175	-0.028128246742771364	-0.013889234490990832	0.0012637282764957163	-0.00010907837354926967	50
0.18	-0.028066114606831304	-0.014021435478819087	0.0013380956376761548	-0.0001083308967030527	40
0.185	-0.028000556089530962	-0.014158044002665928	0.0014146279369406122	-0.00010667950306166452	40
0.19	-0.027931394191780916	-0.014299103675991954	0.001493319492503603	-0.00010403732065466636	40
0.195	-0.02785844592074871	-0.01444467719733867	0.0015741618980265536	-0.00010031174505984228	40
0.2	-0.027781497466164786	-0.01459480764111502	0.0016571439097037791	-0.00009540903919240428	40
0.205	-0.027700360236582	-0.014749556547987173	0.001742257381589178	-0.00008922561282934821	40
0.21	-0.02761479057737054	-0.014908973151591589	0.0018294785341696135	-0.00008165660616929395	40
0.215	-0.027524553517047592	-0.015073101888530276	0.0019187904309910016	-0.00007259155777821727	40
0.22	-0.02742939056050446	-0.01524200268542919	0.0020101677652546303	-0.00006191337874787782	40
0.225	-0.027329033089087885	-0.01541571683558726	0.0021035846027428746	-0.000049498895159648046	40
0.23	-0.027223191433285547	-0.015594296253447992	0.002199003340455693	-0.00003522252892069707	40
0.235	-0.027111559626251572	-0.01577778899793816	0.002296384260701447	-0.000018948116132196926	50
0.24	-0.026993803404043032	-0.01596621745307826	0.0023956882729472113	-5.347162735921474e-7	40
0.245	-0.026869583927306137	-0.016159631818401615	0.002496855021014554	0.000020165057550128014	40
0.25	-0.026738515250639718	-0.01635805807900952	0.0025998294973420795	0.00004330527914366109	40
0.255	-0.02660020947375609	-0.016561525307886703	0.0027045387916414185	0.00006904653443850313	40
0.26	-0.026454242458665365	-0.016770039641176546	0.0028109128120401023	0.00009755738418248299	40
0.265	-0.026300150082277804	-0.016983613095697216	0.0029188549256070682	0.00012901674798410524	40
0.27	-0.02613746396012462	-0.01720224849513815	0.003028270478926514	0.00016360720861056575	40
0.275	-0.02596564844367885	-0.017425909817667704	0.0031390429555071455	0.0002015203604059134	50
0.28	-0.025784170214503365	-0.017654585330424657	0.0032510468355995614	0.0002429593033161032	50
0.285	-0.02559242051762281	-0.01788822566835242	0.0033641376469957787	0.0002881321364066581	50
0.29	-0.02538977472191867	-0.01812675081209021	0.003478154646173783	0.0003372529809189354	40
0.295	-0.02517556224138949	-0.01837007883049514	0.0035929192821043897	0.00039055112229281546	50
0.3	-0.024949036799920263	-0.018618084623698905	0.003708222366754739	0.00044825777590545824	50
0.305	-0.024709437252749822	-0.018870621843277015	0.00382384051006198	0.0005106189642900974	50
0.31	-0.024455918772102635	-0.019127494670952785	0.003939522773642882	0.0005778762067782225	40
0.315	-0.024187587739394906	-0.01938846907658817	0.0040549804916006444	0.0006502925799885505	40
0.32	-0.02390347471154771	-0.01965326681759111	0.004169889288885322	0.0007281284785395632	50
0.325	-0.023602577812002208	-0.01992155438782933	0.0042839024357890915	0.0008116529479156932	70
0.33	-0.023283765036560624	-0.020192915184143442	0.004396616226482279	0.0009011390227770606	50
0.335	-0.022945848121577878	-0.020466864876361606	0.0045075841504263236	0.0009968595021346619	50
0.34	-0.022587570375608393	-0.020742811899093404	0.004616317765443409	0.0010990835904581267	50
0.345	-0.022207553012102588	-0.021020090081289865	0.004722255305071978	0.0012080929415504212	50
0.35	-0.02180434343037392	-0.021297877159987322	0.0048247812705087606	0.0013241392270125652	70
0.355	-0.021376367312731816	-0.021575208714404794	0.004923197320427063	0.0014474807390760934	70
0.36	-0.020921933605927853	-0.02185097231205118	0.005016730898840437	0.0015783459333515606	70
0.365	-0.020439289113644562	-0.02212380994096924	0.0051045283157214955	0.0017169404523597062	50
0.37	-0.01992650039183916	-0.022392178701982228	0.005185620650134292	0.0018634355240832927	50
0.375	-0.01938157215077048	-0.02265425444734192	0.005258942548638612	0.0020179572686531214	50
0.38	-0.0188023039215282	-0.022907877345557614	0.0053232915912379995	0.0021805654237687555	70
0.385	-0.018186537298602277	-0.023150519363868256	0.0053773464518056	0.0023512339176581386	50
0.39	-0.01753178672547488	-0.023379195838301014	0.005419614482377706	0.002529852677915779	80
0.395	-0.01683579056903064	-0.02359038694672544	0.005448494578654824	0.002716126119923881	120
0.4	-0.016095938270095034	-0.02378008272195941	0.005462141465073384	0.0029096645169819626	60
0.405	-0.015309871637616414	-0.023943329576196902	0.005458568223836918	0.0031097787709318883	110
0.41	-0.014475128870419688	-0.02407463551836515	0.005435599892394451	0.0033155945634599027	60
0.415	-0.013589269658521289	-0.0241671640090287	0.005390774124594976	0.0035258354236917533	130
0.42	-0.01265067663307903	-0.024213277497830244	0.005321595456479744	0.003738817543470008	120
0.425	-0.011657573922466743	-0.02420388458429236	0.00522522919006569	0.00395237428763095	130
0.43	-0.010609340065126564	-0.024128356975548076	0.005098772401178895	0.00416364173834702	130
0.435	-0.009506377063327649	-0.02397416316649008	0.004939245876991987	0.0043689418666536355	150
0.44	-0.008350042259477603	-0.023727392069166194	0.004743559391162882	0.004563796908946452	80
0.445	-0.007145059504418657	-0.02337135188290831	0.004509035547702885	0.004742287192438225	150
0.45	-0.005898645681259565	-0.02288717628633926	0.004233289483103797	0.0048971526402782645	170
0.455	-0.004621805791144784	-0.022254034914711115	0.003914661943271689	0.005019573442707053	150
0.46	-0.003327658515346821	-0.02145048437047172	0.0035520873456669363	0.00509965561924435	150
0.465	-0.002044147964824007	-0.020450792774424846	0.003148047713424925	0.005123757132593604	190
0.47	-0.000798722602648677	-0.019230965942484135	0.002705619537335593	0.00507781816155348	190
0.475	0.00036670897050410925	-0.01776464680638761	0.002232191980902718	0.004944352315097803	170
0.48	0.001407608721516197	-0.016019719409040428	0.001736072099505997	0.004702844425653541	190
0.485	0.002252053893752465	-0.013996537105013397	0.0012388896922415306	0.004337249804011812	190
0.49	0.002515444502371464	-0.012283965817248244	0.0009367587819735055	0.003961659188274808	240
0.495	Undefined	Undefined	Undefined	Undefined	250