0.	-0.028977601308778744	-0.011712710043048634	0	0	20
0.005	-0.028405580972424703	-0.011556755191681627	-0.00016944672658088518	-0.00006951068869010953	40
0.01	-0.02784398392596295	-0.011404497622316274	-0.00033026256781387616	-0.00013751813098270094	40
0.015	-0.02729242708218618	-0.011255655455539883	-0.0004827448882392719	-0.00020405644474814433	40
0.02	-0.02675062637865116	-0.01111008353090768	-0.0006271811537683751	-0.00026915941286199485	40
0.025	-0.026218290583557145	-0.010967629472737838	-0.0007638463354542904	-0.00033285655000889214	40
0.03	-0.02569515605540871	-0.010828136188379184	-0.0008930038770607636	-0.0003951725450836907	40
0.035	-0.02518096516851091	-0.010691467907768776	-0.0010149089404456746	-0.0004561326050348339	40
0.04	-0.0246754634375861	-0.010557490034904176	-0.0011298041011760997	-0.00051575560251081	40
0.045	-0.024178412905928235	-0.010426075816046678	-0.0012379258832777395	-0.0005740624112828459	40
0.05	-0.023689580815650348	-0.01029709516156391	-0.0013394982835541083	-0.0006310661097105768	50
0.055	-0.023208740820320366	-0.010170427970956252	-0.0014347395615060688	-0.0006867819042051097	40
0.06	-0.022735674889574026	-0.010045950803344375	-0.0015238589268499834	-0.0007412210705118999	50
0.065	-0.022270184387157315	-0.009923562180878361	-0.0016070582079352686	-0.0007943931477970552	40
0.07	-0.02181206280473486	-0.009803148463999684	-0.0016845322663836346	-0.0008463070445606704	50
0.075	-0.021361119032071336	-0.00968459957877343	-0.0017564681934243152	-0.0008969674475907061	40
0.08	-0.02091716524800522	-0.009567817494786714	-0.0018230467781681983	-0.0009463791155952658	60
0.085	-0.02048002982119935	-0.00945270202799251	-0.001884443771853463	-0.000994545394484289	40
0.09	-0.020049528185354944	-0.009339157178484636	-0.001940827234380856	-0.001041468103538417	50
0.095	-0.019625507416825394	-0.00922708808130537	-0.001992360449775611	-0.001087145353615285	50
0.1	-0.019207805909912345	-0.00911640965380083	-0.002039203102987501	-0.0011315793443645989	50
0.105	-0.018796259781360975	-0.009007029707782381	-0.002081505154874837	-0.0011747646103951008	40
0.11	-0.018390727961519752	-0.008898866584901641	-0.0021194161917062683	-0.001216698977094264	50
0.115	-0.01799106943180199	-0.008791833285645237	-0.002153079701355638	-0.0012573774284546624	50
0.12	-0.017597143859954926	-0.008685852586195069	-0.002182634536455939	-0.0012967947675315648	50
0.125	-0.01720881331815491	-0.008580850859597648	-0.002208214716136369	-0.0013349449521641563	50
0.13	-0.0168259652495893	-0.008476746390050931	-0.0022299527153637286	-0.0013718191892269388	50
0.135	-0.016448472227242564	-0.008373461467120048	-0.0022479758516724523	-0.001407409637603699	50
0.14	-0.016076212417423918	-0.00827093108548595	-0.0022624068137405934	-0.0014417074346649058	50
0.145	-0.015709083120474965	-0.008169081838601575	-0.0022733680325738087	-0.0014747034357574793	40
0.15	-0.01534696816320027	-0.008067850956278766	-0.0022809749734965063	-0.0015063868015384434	50
0.155	-0.014989775899869181	-0.007967159576426776	-0.0022853447923319417	-0.0015367458931708948	50
0.16	-0.014637394316295963	-0.007866960310425377	-0.002286586291677167	-0.0015657710200711783	50
0.165	-0.014289738244101282	-0.007767167911753643	-0.002284810343605838	-0.0015934465003999408	50
0.17	-0.013946714579204007	-0.007667737449485009	-0.002280123517485098	-0.0016197636946050776	50
0.175	-0.013608240940058804	-0.00756860130240679	-0.0022726306200543155	-0.001644707743813867	50
0.18	-0.013274229278571324	-0.007469701697677942	-0.0022624327725682463	-0.001668265458432087	50
0.185	-0.012944615390206207	-0.007370984911091333	-0.0022496324381646596	-0.001690424229933539	70
0.19	-0.012619311921299685	-0.007272387012322622	-0.0022343257627352063	-0.0017111682791453211	60
0.195	-0.012298259483646302	-0.007173858040525957	-0.0022166116127646292	-0.0017304850462590412	50
0.2	-0.01198138186301732	-0.007075342668654827	-0.0021965831552890744	-0.0017483600679499215	50
0.205	-0.011668632646813028	-0.006976789147012724	-0.002174336949187133	-0.001764779198818132	50
0.21	-0.011359947084462554	-0.006878146358261263	-0.00214996418642015	-0.0017797277437877923	50
0.215	-0.01105525629217508	-0.006779362142333616	-0.002123552792649659	-0.001793190124885491	50
0.22	-0.01075453521749081	-0.006680395853803075	-0.0020951982919095113	-0.0018051550815542854	80
0.225	-0.010457728654250537	-0.006581191467863936	-0.002064988121326358	-0.0018156059116822233	60
0.23	-0.010164783041497705	-0.006481710753435918	-0.002033008006426801	-0.0018245303139832253	120
0.235	-0.00987566778603356	-0.006381903963695285	-0.0019993475386283596	-0.0018319132749381214	50
0.24	-0.009590349269397062	-0.006281735033995922	-0.001964093555783814	-0.0018377434603595848	130
0.245	-0.009308786604928312	-0.006181148975699242	-0.001927330653713438	-0.0018420042648793625	140
0.25	-0.009030966920554202	-0.006080115713279342	-0.0018891478320451811	-0.0018446859912724374	70
0.255	-0.008756850253523804	-0.00597859774669213	-0.001849626810032958	-0.0018457769637983787	50
0.26	-0.008486421595539357	-0.005876559432489677	-0.0018088537328690582	-0.0018452656853980795	50
0.265	-0.008219667694178591	-0.0057739601760468115	-0.0017669146872246993	-0.001843141125592583	140
0.27	-0.007956570299437344	-0.005670765018079989	-0.0017238933465316363	-0.001839392784822491	120
0.275	-0.00769711643383533	-0.00556695675958325	-0.0016798724621677364	-0.0018340153202717861	60
0.28	-0.007441310390785243	-0.005462481045490134	-0.0016349409549735994	-0.0018269953310628834	100
0.285	-0.007189126886478255	-0.005357333456735733	-0.0015891758561135932	-0.0018183308890685579	50
0.29	-0.006940578409468663	-0.005251471502082745	-0.0015426659182446192	-0.0018080131371676113	50
0.295	-0.006695680152111237	-0.005144882424600409	-0.0014954981767310888	-0.0017960408631025142	120
0.3	-0.0064544277847644995	-0.005037542186959273	-0.0014477540636405426	-0.0017824099272999677	60
0.305	-0.006216819963527585	-0.004929432296220673	-0.0013995158421641336	-0.0017671191453151526	150
0.31	-0.0059828841841958426	-0.00482051571252561	-0.0013508729386490375	-0.0017501629687362804	140
0.315	-0.005752635318480695	-0.004710833766609431	-0.001301906747577966	-0.0017315597299411138	60
0.32	-0.005526104221506359	-0.004600318970457466	-0.0012527093264704612	-0.0017112975715242124	100
0.325	-0.005303301064530481	-0.004488987515755216	-0.0012033608755782348	-0.0016893891521998438	140
0.33	-0.005084243902121235	-0.004376814790485044	-0.0011539464531395696	-0.0016658359644586957	90
0.335	-0.004868976338988758	-0.004263847569590795	-0.0011045520131747588	-0.0016406637703038497	130
0.34	-0.004657558950072134	-0.004150056047213319	-0.001055274826794488	-0.0016138787738067691	150
0.345	-0.004449981804646212	-0.004035432002488825	-0.0010061884234414677	-0.0015854883922028324	140
0.35	-0.004246260008554997	-0.003920023156165865	-0.00095736896487947	-0.0015555208099405336	160
0.355	-0.004046496622195281	-0.0038038129876254725	-0.0009089240285488831	-0.0015239935068873617	170
0.36	-0.0038507348475069485	-0.0036868192118925977	-0.0008609397301211382	-0.0014909304164506323	170
0.365	-0.003658973327773088	-0.0035690353799168345	-0.0008134902961175152	-0.0014563461947591809	160
0.37	-0.0034712601204339	-0.00345059785665201	-0.0007666507848436561	-0.0014203056502107051	160
0.375	-0.0032877429316970964	-0.0033314980617958428	-0.0007205406683423838	-0.001382839746365915	160
0.38	-0.0031083182819627683	-0.003211691504937299	-0.0006752032897799335	-0.001343945873940672	170
0.385	-0.0029331273120141964	-0.003091276335171494	-0.0006307446960063412	-0.0013036919992467997	180
0.39	-0.002762270880614845	-0.0029702235861213118	-0.00058727109064538	-0.001262103525528128	150
0.395	-0.0025957211069491076	-0.0028486927483307826	-0.0005448258920904911	-0.0012192557550605634	170
0.4	-0.002433522968291118	-0.002726801077384614	-0.0005034789021806188	-0.0011752203180114835	180
0.405	-0.002275695906674992	-0.0026045871922817433	-0.0004632981036167246	-0.0011300425790983233	190
0.41	-0.0021225930549103656	-0.0024820272087983093	-0.00042447028864458743	-0.001083787169062978	200
0.415	-0.001973781484646969	-0.0023591314589310177	-0.0003869142455816553	-0.0010364408174000635	210
0.42	-0.0018294967007868638	-0.002235936496748043	-0.00035076846075208384	-0.0009880775101934075	210
0.425	-0.0016901686327317972	-0.002113052698896221	-0.00031616716983926896	-0.000938996766236823	210
0.43	-0.0015553544105335628	-0.001989348130491969	-0.00028316203961321575	-0.000888794319867469	220
0.435	-0.0014250294168260062	-0.0018666474447619262	-0.0002515701189193591	-0.0008381369144368376	230
0.44	-0.0012995568562979942	-0.001744246952944627	-0.0002216614668419951	-0.0007868736128313085	240
0.445	-0.001180752378475857	-0.0016214324706659232	-0.0001942311450889566	-0.0007350478563396075	250
0.45	-0.0010639659665551535	-0.0014988833913468862	-0.00016760398575271942	-0.0006823069479022057	230
0.455	-0.000954276562411943	-0.0013786363317573457	-0.0001433387981317442	-0.0006301302887380657	210
0.46	-0.0008460788313586077	-0.0012527018673197982	-0.00012063920983578947	-0.0005749034540399426	250
0.465	Undefined	Undefined	Undefined	Undefined	250
0.47	-0.0006498485139825425	-0.0010184738157689994	-0.00008068114990403415	-0.00047025462411502396	250
0.475	Undefined	Undefined	Undefined	Undefined	250
0.48	Undefined	Undefined	Undefined	Undefined	250
0.485	Undefined	Undefined	Undefined	Undefined	250
0.49	Undefined	Undefined	Undefined	Undefined	250
0.495	Undefined	Undefined	Undefined	Undefined	250