0.	-0.06126324596066841	-0.0031444188087323133	0	0	20
0.005	-0.06150766775859585	-0.003156326818712458	0.00012478659113760043	5.336563642625687e-6	40
0.01	-0.061756725143990804	-0.0031722881481281457	0.000254145070585454	8.773139831593907e-6	40
0.015	-0.06201046796871217	-0.003192361031310726	0.0003881568452526396	0.000010318334052783951	40
0.02	-0.06226898426507514	-0.00321660982222369	0.0005269082346313191	9.982755323956701e-6	40
0.025	-0.06253236733404394	-0.0032451113446297208	0.0006704885006865393	7.778438909938958e-6	40
0.03	-0.06280072415496922	-0.0032779367316529435	0.0008189837559597624	3.713255481895903e-6	40
0.035	-0.06307414946225094	-0.0033151662911693833	0.0009725003833189511	-2.1916483501801094e-6	40
0.04	-0.06335275252389727	-0.003356876802046202	0.0011311323483124017	-9.925461404773205e-6	40
0.045	-0.06363663455911811	-0.0034031656347474366	0.0012949900517551006	-0.00001946676388949424	40
0.05	-0.06392590600867458	-0.0034541266629289575	0.0014641796159413536	-0.00003079859715865755	40
0.055	-0.06422068504285906	-0.0035098563517240253	0.0016388203195679793	-0.00004389653175813564	40
0.06	-0.06452107143100189	-0.003570458566194411	0.0018190233703930378	-0.00005874132484253049	40
0.065	-0.06482720152469135	-0.003636053317738393	0.0020049237999559513	-0.00007530108243007348	40
0.07	-0.06513919641272503	-0.0037067403116529387	0.0021966463341083543	-0.00009355141965429063	40
0.075	-0.06545717114628438	-0.0037826583427572674	0.00239432358816511	-0.00011346146797300828	40
0.08	-0.0657812622777787	-0.0038639383065234628	0.0025981009330028368	-0.0001349951367611108	40
0.085	-0.06611160456345348	-0.003950713042296343	0.002808123061063349	-0.00015811758766852416	40
0.09	-0.06644833642445096	-0.004043125066147674	0.0030245420666005917	-0.00018278951140053936	40
0.095	-0.06679159634404234	-0.004141332215394927	0.003247519117512462	-0.0002089666987835371	40
0.1	-0.06714153721849386	-0.0042454963593036125	0.0034772178683570415	-0.00023660359177534552	40
0.105	-0.06749830208425156	-0.00435578686798609	0.0037138110507344553	-0.00026565002191533156	40
0.11	-0.06786205741838063	-0.004472380364111553	0.003957479246513498	-0.00029605175117801104	40
0.115	-0.06823296019810512	-0.004595465225716638	0.004208411279090012	-0.0003277503981004417	40
0.12	-0.06861117687180757	-0.004725246661708069	0.004466795182693322	-0.0003606835631943315	40
0.125	-0.06899688280240926	-0.004861928459735664	0.004732840353876995	-0.0003947818473768897	40
0.13	-0.0693902535989973	-0.005005734550868914	0.005006756847157414	-0.0004299742599460267	40
0.135	-0.0697914695025913	-0.005156898767055549	0.005288761052066916	-0.0004661779658589014	40
0.14	-0.07020073014642378	-0.005315665281365166	0.005579084735327991	-0.0005033143096423026	40
0.145	-0.07061822771393146	-0.005482293614794895	0.005877967182727705	-0.0005412878133288185	40
0.15	-0.07104416729178602	-0.005657062219860754	0.006185661585974452	-0.0005799983311341034	40
0.155	-0.07147875780997388	-0.00584025344002744	0.0065024216448269926	-0.0006193453229095963	40
0.16	-0.07192222256614533	-0.006032178568719182	0.006828513116557815	-0.000659210843448016	40
0.165	-0.07237478480123878	-0.0062331545426655005	0.007164231985626392	-0.0006994751204302704	40
0.17	-0.07283667802294737	-0.0064435262558813315	0.007509864559267803	-0.0007400020824368878	40
0.175	-0.07330814994189278	-0.00666365604997346	0.007865712098947868	-0.0007806552714722384	40
0.18	-0.07378944369515386	-0.0068939171856932865	0.008232105279089035	-0.0008212792320763442	40
0.185	-0.07428082832916295	-0.00713473039555264	0.008609369486054558	-0.0008617092447374774	40
0.19	-0.07478257068458816	-0.007386504121452593	0.008997863327128788	-0.0009017659916245347	40
0.195	-0.07529495248270178	-0.007649710619339138	0.009397943800580084	-0.0009412620172785675	40
0.2	-0.07581826073429726	-0.007924817136510831	0.009809993738922385	-0.0009799927467422766	40
0.205	-0.07635279996384517	-0.008212336711831584	0.010234416660718644	-0.0010177330662070126	40
0.21	-0.07689888168507153	-0.008512811898667972	0.010671623802016335	-0.0010542454058810949	40
0.215	-0.07745683048139677	-0.008826830213310294	0.011122045979089275	-0.0010892705373557652	40
0.22	-0.07802698453351718	-0.009154988493561885	0.011586140891155693	-0.0011225312253152992	40
0.225	-0.07860968941783013	-0.009497954997075241	0.012064392987163898	-0.0011537249914747153	40
0.23	-0.07920531119561967	-0.00985641506866607	0.012557293737045368	-0.0011825311316575212	40
0.235	-0.07981421688842516	-0.010231111437930648	0.013065360082837197	-0.001208599939189018	40
0.24	-0.08043680362172985	-0.010622838161935037	0.013589143892299314	-0.0012315421346080686	40
0.245	-0.08107347226706352	-0.011032446701063323	0.01412922410877176	-0.0012509487734704513	40
0.25	-0.08172463902771802	-0.011460837045447085	0.014686199045036904	-0.0012663834988833602	40
0.255	-0.08239074155538718	-0.01190897293901206	0.015260692168894066	-0.001277355549391684	40
0.26	-0.08307222805686389	-0.012377907607365922	0.015853364985424813	-0.001283341794031043	40
0.265	-0.08376955267157753	-0.012868741331373265	0.016464914474388522	-0.0012837688255538824	40
0.27	-0.08448320829752133	-0.013382679446665002	0.017096067449205516	-0.0012780239223799924	40
0.275	-0.08521368477322304	-0.013921011970754963	0.01774757801077835	-0.001265425910329637	40
0.28	-0.08596149321526628	-0.014485121631958541	0.018420277667756942	-0.0012452526581483974	40
0.285	-0.08672716730246623	-0.015076500903180544	0.01911496928900312	-0.001216693532684895	40
0.29	-0.08751123917428535	-0.01569677417442617	0.019832573917463087	-0.001178870526819007	40
0.295	-0.08831427469887557	-0.016347691322374534	0.02057399855969317	-0.0011308305870985002	40
0.3	-0.08913683386828361	-0.01703113766058248	0.02134025062115183	-0.0010715469982718042	40
0.305	-0.08997950674588831	-0.017749173999356063	0.022132323414000333	-0.0009998405647739005	40
0.31	-0.09084287292070745	-0.01850402563184247	0.022951347854184893	-0.0009144731226791479	40
0.315	-0.091727532354027	-0.0192981313325592	0.02379838258915091	-0.0008140438492895124	40
0.32	-0.09263407835430552	-0.02013413829963757	0.024674717292630703	-0.0006970369655993295	40
0.325	-0.09356311705008699	-0.021014938813402707	0.025581542423641416	-0.0005617869339991947	40
0.33	-0.09451521132836965	-0.021943708258523903	0.026520209686652394	-0.00040642248171296816	40
0.335	-0.09549095241377398	-0.022923926826857167	0.02749207460891844	-0.00022885931248605058	40
0.34	-0.09649085530212075	-0.023959406800797688	0.028498593557554266	-0.00002683673606966759	40
0.345	-0.09751541638194859	-0.025054371847332335	0.029541311112293	0.00020216824261378406	40
0.35	-0.09856507009863458	-0.026213466349866387	0.030621764827020597	0.0004610337458600157	40
0.355	-0.09964016271891468	-0.027441833890659493	0.03174162576977423	0.0007528575961533984	40
0.36	-0.10074092452732564	-0.028745192340484994	0.032902590973026696	0.0010812534137239326	40
0.365	-0.1018674314025454	-0.030129903293055326	0.034106441001722027	0.0014501184321033742	40
0.37	-0.103019570044623	-0.03160304747142832	0.03535493900049751	0.0018639765148262457	40
0.375	-0.10419696032481382	-0.03317257156673174	0.036649878096911226	0.0023278974922313744	40
0.38	-0.10539887168484711	-0.034847360985917716	0.037993135721708385	0.0028475610936611034	40
0.385	-0.1066241477614019	-0.03663744227749855	0.03938652479539845	0.003429459705750062	40
0.39	-0.1078710352627216	-0.03855413284706149	0.040831750442321735	0.004081038898755931	40
0.395	-0.10913701419839661	-0.040610210182416284	0.04233032827326824	0.0048107548070287255	40
0.4	-0.1104185840930314	-0.042820252299546564	0.04388370787487735	0.005628327634170151	40
0.405	-0.11171095442748327	-0.045200813236833254	0.045492650420775646	0.006545021949769197	40
0.41	-0.11300755835709009	-0.04777082056889098	0.0471577164548875	0.007573808516256804	40
0.415	-0.11429959646279925	-0.050551991198054785	0.04887845670150741	0.008729694139419212	40
0.42	-0.11557517975930803	-0.05356918042658734	0.050653201125454655	0.01003025057086111	40
0.425	-0.1168183161203161	-0.05685103982996332	0.05247872107460699	0.011496010796080425	50
0.43	-0.11800748514425835	-0.060430403265378754	0.054349098529241	0.013151070086864395	50
0.435	-0.11911352718290208	-0.06434495291509412	0.05625518367914534	0.015023703582899974	50
0.44	-0.12009682934206956	-0.06863757400824508	0.05818246881006949	0.01714706202265453	50
0.445	-0.12090328197805446	-0.07335646402928889	0.060109240855303565	0.01956000447278556	50
0.45	-0.12145845343442853	-0.0785544340517004	0.06200276504694095	0.022307561326003263	50
0.455	-0.12165937422535726	-0.0842865962884608	0.06381448556025267	0.02544108610767102	50
0.46	-0.1213629123495896	-0.09060462709643832	0.0654725086503549	0.02901680257385845	50
0.465	-0.12037025176839733	-0.09754450820623407	0.06687151315184722	0.033091138990171985	50
0.47	-0.11840742299857986	-0.10510128678987536	0.06785647220780366	0.03771041913535184	70
0.475	-0.11510632427967227	-0.11318152504575943	0.06820643173618525	0.04288607044853396	90
0.48	-0.11000070772773725	-0.12151765618214876	0.06761809507274724	0.04854896670987964	100
0.485	-0.10256824795146385	-0.12953702272209544	0.06570988701832015	0.054468080249073444	190
0.49	-0.09234752350597537	-0.13618834072012836	0.06206327846474659	0.06013553757131759	200
0.495	-0.07903452728980111	-0.13961240796000338	0.056243928217891564	0.06456178230291092	250