0.	-0.09912301782989921	0.020487643477986563	0	0	20
0.005	-0.1002079090832236	0.020574085807752076	0.0008040981502987562	-0.000166892774829444	40
0.01	-0.10132005975081004	0.020661292448964686	0.0016310270492822438	-0.0003398921300954524	40
0.015	-0.10246028773098817	0.02074914522749826	0.0024817266356995413	-0.0005191840938140175	40
0.02	-0.10362947204805753	0.020837591482383875	0.0033571746823371253	-0.0007049631609427877	40
0.025	-0.10482853870888115	0.020926577724047594	0.004258397338983249	-0.0008974300124554183	40
0.03	-0.10605846100135553	0.02101605872194226	0.005186474597363776	-0.001096790840235754	40
0.035	-0.10732024179835185	0.021105962037942745	0.006142535878261165	-0.0013032592506651054	40
0.04	-0.10861494606165628	0.021196233954890738	0.007127760139983416	-0.0015170597049114901	40
0.045	-0.10994367583818253	0.021286801164590675	0.008143394282320422	-0.0017384200843592822	40
0.05	-0.11130759163715005	0.02137758240889652	0.009190740990728237	-0.0019675780012022885	40
0.055	-0.11270790481966264	0.021468501999813427	0.010271171939293687	-0.0022047797663630173	40
0.06	-0.11414588342601181	0.021559477608264488	0.011386122920242187	-0.002450281809905896	40
0.065	-0.11562286478783673	0.021650406599237275	0.01253711508061731	-0.0027043454507576	40
0.07	-0.1171402372223602	0.021741183584839216	0.013725739721231294	-0.0029672433039906977	40
0.075	-0.11869947081550669	0.021831705007464904	0.01495367675783615	-0.003239258331049385	40
0.08	-0.12030209463166153	0.021921844468261113	0.016222696310349057	-0.003520680480587509	40
0.085	-0.12194972543594976	0.02201147888824996	0.017534655436850233	-0.003811815544147003	40
0.09	-0.12364406010737035	0.022100457676127047	0.01889152744163966	-0.004112971660104396	40
0.095	-0.1253868708315653	0.022188636527764864	0.020295386621956138	-0.0044244722873616905	40
0.1	-0.12718003780190434	0.022275845835446784	0.021748419015416628	-0.004746652532099646	40
0.105	-0.1290255241712164	0.02236190796553588	0.02325294469636136	-0.005079856105064805	40
0.11	-0.1309254072055866	0.02244662771701931	0.024811409142674202	-0.005424439013555856	40
0.115	-0.13288186874480523	0.02252980042227739	0.026426402908486826	-0.005780770350949616	40
0.12	-0.13489720743698272	0.022611191101392855	0.028100668173009456	-0.006149228324193078	40
0.125	-0.1369738515380069	0.022690556449039452	0.029837108554653494	-0.006530205070715953	40
0.13	-0.13911436466317068	0.022767623376813664	0.03163880639890983	-0.006924104063097273	40
0.135	-0.14132144868371338	0.022842108346962937	0.03350902222918381	-0.007331343980725163	40
0.14	-0.14359795962729333	0.022913685097432898	0.03545122915570474	-0.0077523509587404445	40
0.145	-0.14594691771725965	0.022982022908569842	0.03746911353963056	-0.008187568687930458	40
0.15	-0.14837152508634188	0.02304673147205078	0.039566590496410994	-0.008637446837548456	40
0.155	-0.15087515551999828	0.02310741263068372	0.04174782691822537	-0.009102454798220645	40
0.16	-0.15346140136926625	0.023163619062551544	0.04401726241020835	-0.009583068343709068	40
0.165	-0.15613406882298778	0.023214868918662313	0.04637963624976185	-0.010079776290652952	40
0.17	-0.15889718740988235	0.02326064053973416	0.04883998416284694	-0.010593079622861497	40
0.175	-0.161755047645935	0.02330035112095233	0.051403698068949996	-0.011123488265682348	40
0.18	-0.16471220720378174	0.02333338485922723	0.05407653901269787	-0.011671521539937096	40
0.185	-0.16777351061992582	0.02335904308252726	0.05686466108903042	-0.012237703751455251	40
0.19	-0.17094412538717463	0.023376585097218155	0.05977465566878637	-0.012822571059533529	40
0.195	-0.17422955519408698	0.02338518871390656	0.06281358328723474	-0.01342666164961551	40
0.2	-0.17763567420329296	0.023383956611456008	0.06598902681077151	-0.014050513853205843	40
0.205	-0.18116874688713763	0.02337190933466926	0.0693091134260661	-0.014694671424011652	40
0.21	-0.18483548649833503	0.02334796501540848	0.07278258489045061	-0.015359667990987633	40
0.215	-0.18864306480128043	0.023310938166873768	0.07641885022758181	-0.016046032737627815	40
0.22	-0.19259917063136606	0.02325952745179219	0.0802280420298975	-0.01675427791624222	40
0.225	-0.1967120499018581	0.023192297958713484	0.08422109319332688	-0.017484903825937266	40
0.23	-0.20099055341258554	0.023107669871580125	0.08840979745502422	-0.018238375998856075	30
0.235	-0.2054441977355751	0.02300390940637541	0.09280690997827715	-0.019015136062635378	30
0.24	-0.2100832329482275	0.022879082102260737	0.09742623569913722	-0.019815573783453513	30
0.245	-0.21491871471136179	0.022731060025586072	0.10228275667886924	-0.02064002200094571	20
0.25	-0.21996251133756506	0.02255749736497402	0.1073926850007948	-0.021488748714022073	30
0.255	-0.22522754918751278	0.022355769814605714	0.1127737023593556	-0.022361933254832517	30
0.26	-0.23072777364967598	0.022122986400749514	0.11844501858904588	-0.023259651572948674	20
0.265	-0.23647824879739773	0.02185591049740282	0.12442758040536839	-0.024181835525207057	20
0.27	-0.24249540138699205	0.021550960089195048	0.13074426300594474	-0.025128277167026355	20
0.275	-0.24879705796404292	0.02120411073213614	0.13742008755642215	-0.026098554468547648	20
0.28	-0.2554026415626164	0.020810890085980666	0.144482461485697	-0.02709202889534197	20
0.285	-0.2623333410127702	0.020366271002051045	0.1519614788403846	-0.0281077673569503	20
0.29	-0.2696123182528912	0.019864612806994697	0.15989021134847084	-0.029144504620938802	20
0.295	-0.2772649306212474	0.019299589267649353	0.16830511440407134	-0.030200558885908446	20
0.3	-0.28531902466939524	0.018664059304535907	0.17724642910316202	-0.03127375156107676	20
0.305	-0.2938051930286112	0.01794995476773395	0.18675866906626043	-0.032361321543802654	20
0.31	-0.3027571573632607	0.017148152741880862	0.19689119375281555	-0.033459772091867956	20
0.315	-0.3122121643377687	0.016248288602318195	0.2076988685966612	-0.03456474867696392	20
0.32	-0.32221145942629303	0.015238584488690754	0.21924281803815562	-0.03567085806699555	20
0.325	-0.3328008096875556	0.014105592796681943	0.23159129365412534	-0.03677142169013252	20
0.33	-0.34403114832386333	0.012833921698407247	0.24482079657768702	-0.03785822529208566	20
0.335	-0.35595932281547077	0.011405911706244415	0.259017189603013	-0.03892121471003311	20
0.34	-0.36864895039896056	0.009801226769872523	0.2742772169865743	-0.03994801979803442	20
0.345	-0.3821714735055814	0.007996362833277676	0.29071024443822957	-0.0409235285756825	20
0.35	-0.39660735677219316	0.005964067026814762	0.308440259213243	-0.04182919949852508	20
0.355	-0.41204755884199307	0.0036726025844346644	0.32760836202018334	-0.042642311018011386	20
0.36	-0.42859529227327414	0.0010848782362600229	0.34837573686271506	-0.043334957484103376	20
0.365	-0.4463681011120948	-0.0018426817953758334	0.37092723938608724	-0.04387281408603033	20
0.37	-0.4655004783891663	-0.00516146812192142	0.3954757533796385	-0.04421353985921253	20
0.375	-0.4861469469595776	-0.008932439499133471	0.4222676760111207	-0.04430477838961472	20
0.38	-0.5084859318070214	-0.013228255310720388	0.45158946066619626	-0.044081515822920886	20
0.385	-0.532724530784741	-0.01813606400028489	0.48377592386731755	-0.043462714992331425	20
0.39	-0.5591044818263939	-0.023761021582167863	0.5192207920911592	-0.0423468563030302	20
0.395	-0.5879096447041202	-0.030230911325619975	0.5583896896002244	-0.04060608403658633	20
0.4	-0.6194755946861202	-0.037702136718249846	0.6018370448652861	-0.03807833396776472	20
0.405	-0.654201874503067	-0.04636769536937088	0.6502279883714691	-0.03455689353571412	20
0.41	-0.692567965114317	-0.0564678571274225	0.7043665168673344	-0.02977584937620839	20
0.415	-0.7351543192752268	-0.06830463779359905	0.7652333658479079	-0.023390263929851163	20
0.42	-0.782670360714976	-0.08226179484011295	0.8340362311749256	-0.014948265289006502	20
0.425	-0.8359925700996484	-0.0988327455123528	0.9122784609083309	-0.003851092487548169	20
0.43	-0.8962167952327826	-0.11866051088550711	1.0018542496224205	0.01070426457181084	20
0.435	-0.9647320233190518	-0.1425956583003692	1.1051825481063584	0.02981090557400773	20
0.44	-1.0433262625743904	-0.17178279889189008	1.2254011229919668	0.05498103501206886	20
0.445	-1.1343427938819617	-0.20779275973951863	1.3666531299392015	0.08834716797980424	20
0.45	-1.2409176422526595	-0.2528312087444816	1.5345246150410594	0.13298341834996608	40
0.455	-1.3673532526688201	-0.3100791328549901	1.7367345002583234	0.19344259767903282	40
0.46	-1.5197325003925561	-0.38427567593398143	1.9842704815621488	0.27668151352600945	40
0.465	-1.7069803306698075	-0.48276536867045305	2.2933579611980273	0.3937550284578507	40
0.47	-1.9428241017264039	-0.6175109872617104	2.6890913535293772	0.5631188415892522	40
0.475	-2.249729611245185	-0.8093013623069143	3.2127271220972307	0.8176213888323948	40
0.48	-2.667754196606969	-1.097601151773176	3.9380417118176396	1.2210937937090385	40
0.485	-3.2779601806894814	-1.567646783412045	5.014422287126084	1.914531633437882	40
0.49	-4.282286734428828	-2.4465034554714338	6.81295901245894	3.2816551132812375	40
0.495	-6.4462127467312955	-4.656203474794585	10.728941850522775	6.912176383616099	50