0.	-0.06126324596066841	-0.0031444188087323133	0	0	20
0.005	-0.060782757442977835	-0.0031264016799956657	-0.00024136151069682323	-0.000013470396159336858	40
0.01	-0.060310097957037775	-0.0031118847410655766	-0.0004755681698690078	-0.000028732518274403342	40
0.015	-0.059845020111915836	-0.0031007862715467733	-0.0007027278997098327	-0.000045786347652793955	40
0.02	-0.05938732070286011	-0.0030930069075750764	-0.000923043601625129	-0.00006463446786120298	40
0.025	-0.05893680990958955	-0.0030884651528468596	-0.001136684716267659	-0.00008527622210260774	40
0.03	-0.05849329170673288	-0.003087090612147547	-0.0013438137615076123	-0.00010771004623963377	40
0.035	-0.0580565870555569	-0.0030888032378415253	-0.0015445900836351504	-0.0001319344067248763	40
0.04	-0.05762652019986122	-0.0030935328617578027	-0.0017391625386363819	-0.00015794466676325553	40
0.045	-0.05720290972702192	-0.0031012094753349786	-0.0019276769847869871	-0.00018573628464245502	40
0.05	-0.05678558711802634	-0.0031117685309501233	-0.002110273504971961	-0.00021530417180193722	40
0.055	-0.05637438658641796	-0.0031251453061626293	-0.002287083835746207	-0.0002466397672744527	40
0.06	-0.05596914351172648	-0.0031412932625702623	-0.0024582394485527324	-0.0002797382170228298	40
0.065	-0.0555696977874631	-0.003160148363948136	-0.0026238619867717814	-0.00031458925075460755	40
0.07	-0.0551759025955792	-0.0031816573017482697	-0.002784069926408638	-0.0003511832986268035	40
0.075	-0.05478759463934654	-0.0032057752572209677	-0.002938979054925283	-0.0003895122442953727	40
0.08	-0.05440463159519587	-0.003232445066365757	-0.003088695968439118	-0.00042956301124572456	40
0.085	-0.054026862140649584	-0.0032616351419482697	-0.0032333253708301617	-0.0004713249174022833	40
0.09	-0.053654146929079494	-0.00329329610984575	-0.003372970867574748	-0.0005147871521151538	40
0.095	-0.053286343947368545	-0.003327384860183854	-0.0035077264568816467	-0.000559935332913789	40
0.1	-0.05292331155456799	-0.0033638718571424083	-0.003637684707763362	-0.0006067569195562013	40
0.105	-0.05256491809487085	-0.0034027175854852276	-0.0037629359930481227	-0.00065523866561861	40
0.11	-0.0522110256600124	-0.00344389109565567	-0.0038835589841040895	-0.000705363146376178	40
0.115	-0.05186149902256323	-0.0034873545894399186	-0.003999640941873155	-0.0007571187123910746	40
0.12	-0.05151621639909586	-0.003533081959039206	-0.0041112567873847075	-0.0008104874684573952	40
0.125	-0.05117503969346632	-0.0035810483092146867	-0.00421848073398428	-0.0008654537494582389	40
0.13	-0.050837847600283995	-0.0036312213174850352	-0.004321382251591138	-0.0009220003626837064	40
0.135	-0.05050450453436536	-0.003683584744424047	-0.004420028133698133	-0.0009801102877709889	40
0.14	-0.050174892674095264	-0.0037381070840127976	-0.0045144838987820615	-0.001039764256835313	40
0.145	-0.04984889026392916	-0.003794768503116235	-0.004604810277140187	-0.0011009445741223837	40
0.15	-0.04952636451385141	-0.003853556079439765	-0.004691062288154447	-0.0011636320322539284	40
0.155	-0.04920720143971695	-0.0039144454182807285	-0.0047732958909229425	-0.0012278058055587712	40
0.16	-0.048891274026835484	-0.003977422626966024	-0.004851564056872996	-0.0012934460829648604	40
0.165	-0.04857845715908971	-0.004042468972001202	-0.004925916250514062	-0.0013605326101124987	40
0.17	-0.04826863291821832	-0.004109569668142868	-0.00499639404362871	-0.0014290406310970903	40
0.175	-0.04796168128699675	-0.004178713497030384	-0.0050630447408724685	-0.0014989488325648497	40
0.18	-0.04765747473144189	-0.004249885617377772	-0.005125909185657841	-0.0015702346343382414	40
0.185	-0.04735589251783885	-0.004323077297111268	-0.00518502249868256	-0.0016428734904132861	40
0.19	-0.0470568144316313	-0.00439826671643335	-0.00524042234840575	-0.001716838587164747	40
0.195	-0.046760111255691635	-0.004475467040176557	-0.005292139270283342	-0.0017921064037958786	40
0.2	-0.046465658774347655	-0.004554649073911858	-0.00534020629689596	-0.0018686489348694513	40
0.205	-0.046173339308913784	-0.00463580772852383	-0.00538464948724112	-0.001946437317610384	40
0.21	-0.045883012515179615	-0.004718945932780362	-0.005425493121241938	-0.002025444470999688	40
0.215	-0.0455945578579459	-0.004804038397026363	-0.005462764196873115	-0.002105638967569801	40
0.22	-0.04530784534629531	-0.004891094749886074	-0.005496480808822368	-0.002186991123682112	40
0.225	-0.04502273347517166	-0.0049801049657680115	-0.005526660021352189	-0.002269467552086473	40
0.23	-0.044739093312272576	-0.005071058861741725	-0.005553315886074687	-0.0023530337147419306	40
0.235	-0.04445678815395679	-0.005163952181872121	-0.005576469165957611	-0.0024376554796349185	40
0.24	-0.04417567398915103	-0.005258774893154128	-0.0055961259990664385	-0.0025232954087656793	40
0.245	-0.04389560971011733	-0.005355524659183293	-0.0056122968616132834	-0.002609915498772564	40
0.25	-0.0436164425391453	-0.005454190188886253	-0.005624987631895962	-0.002697475372953888	40
0.255	-0.04333802354821039	-0.005554769027720636	-0.005634205078303046	-0.002785933729343276	40
0.26	-0.04306020143687883	-0.005657247908832487	-0.005639951454457695	-0.0028752445201735985	50
0.265	-0.042782816494044466	-0.005761616364942232	-0.005642227520618617	-0.002965364190322118	50
0.27	-0.04250568998889713	-0.0058678816900899385	-0.005641026793475109	-0.0030562439523693996	50
0.275	-0.04222866776335695	-0.005976005581825514	-0.005636354073201579	-0.0031478312278581857	50
0.28	-0.04195156852396936	-0.006085993049521312	-0.005628198475326618	-0.003240073342312865	50
0.285	-0.04167421156061215	-0.0061978303316122425	-0.0056165522957705594	-0.003332916050863193	50
0.29	-0.041396397844433094	-0.00631149239748637	-0.005601404608117174	-0.00342629741589149	50
0.295	-0.04111793519373113	-0.0064269531674588445	-0.005582747125833728	-0.003520153064037854	50
0.3	-0.040838618942249584	-0.006544194324563645	-0.005560566913551803	-0.0036144193700950195	50
0.305	-0.04055823986050652	-0.006663193989365452	-0.0055348452362876215	-0.00370902502662178	50
0.31	-0.04027656201555994	-0.006783923681608191	-0.005505563078648547	-0.0038038974173583316	50
0.315	-0.039993360898515976	-0.006906342851914297	-0.005472707838436992	-0.0038989574042994873	50
0.32	-0.03970838824899149	-0.0070304103874124155	-0.005436252038459348	-0.0039941194534566776	50
0.325	-0.03942138288949046	-0.007156088298773237	-0.0053961768959702484	-0.0040892968736165256	50
0.33	-0.039132069152285585	-0.007283305629036594	-0.005352456694802596	-0.0041843917947288955	70
0.335	-0.03884017749474961	-0.0074120268625554025	-0.005305066226664254	-0.00427930908323132	60
0.34	-0.038545385768910576	-0.00754216383658389	-0.0052539804640858445	-0.004373935958301552	60
0.345	-0.03824738378748099	-0.007673661554382899	-0.0051991660191116704	-0.00446816408332871	50
0.35	-0.03794582826500362	-0.00780640659457287	-0.005140599629279307	-0.004561864992736524	60
0.355	-0.03764036529315651	-0.007940308995426774	-0.005078245432618252	-0.004654911084222422	70
0.36	-0.03733059555308133	-0.008075259535103678	-0.005012071067157191	-0.004747161350652527	50
0.365	-0.03701613814059285	-0.00821112454886251	-0.0049420491876181576	-0.0048384666107791265	50
0.37	-0.036696531610553744	-0.008347740284060694	-0.004868145388900491	-0.004928657731886967	50
0.375	-0.03637130807091389	-0.008484975127254766	-0.004790321743476385	-0.005017570585475891	50
0.38	-0.036039964216916826	-0.008622614575812013	-0.004708548183831363	-0.005105011445057372	70
0.385	-0.03570195333174846	-0.00876042973725622	-0.004622793781523519	-0.005190771742726703	60
0.39	-0.03535669660437755	-0.008898208044148932	-0.0045330223845810105	-0.0052746405041327665	80
0.395	-0.035003527716200494	-0.009035646529647336	-0.004439204083175215	-0.005356366344988728	60
0.4	-0.03464174389447556	-0.009172421861709067	-0.004341301831172071	-0.005435690890647331	160
0.405	-0.03427060966228958	-0.009308184643912459	-0.004239288780203747	-0.005512333045327508	140
0.41	-0.0338892198010178	-0.009442490377903645	-0.00413313983831475	-0.005585964708065419	100
0.415	-0.03349667716052615	-0.009574911685446032	-0.004022823861851516	-0.005656252788667368	90
0.42	-0.033091882908234636	-0.00970482006360381	-0.003908316544556326	-0.005722796624304763	100
0.425	-0.032673660227171726	-0.009831627998472887	-0.0037895972138114508	-0.005785174782253722	150
0.43	-0.032240647694961516	-0.009954567344268367	-0.0036666411482295094	-0.005842897459934542	70
0.435	-0.0317912206481657	-0.01007274736449112	-0.0035394314182199786	-0.005895406480764338	100
0.44	-0.031323617418994816	-0.010185134059829232	-0.0034079545594883753	-0.00594207934964249	140
0.445	-0.030835618276381524	-0.010290466860444296	-0.0032721874241976503	-0.005982174640143282	210
0.45	-0.030324602438964402	-0.01038725907885817	-0.0031321042645006273	-0.006014829733131489	200
0.455	-0.029787318846523983	-0.01047370512011051	-0.0029876695402976943	-0.006039008152511623	190
0.46	-0.029219687225284	-0.010547330214008664	-0.0028388509268622844	-0.00605340348667582	240
0.465	-0.028616379626841004	-0.01060526715972003	-0.0026855573343239816	-0.006056413466199745	230
0.47	-0.027970173886969974	-0.010643306453945884	-0.002527666662287052	-0.006045874839824147	240
0.475	-0.027270439349302875	-0.010656209864724625	-0.0023648274081594484	-0.006018819183949508	250
0.48	Undefined	Undefined	Undefined	Undefined	250
0.485	Undefined	Undefined	Undefined	Undefined	250
0.49	Undefined	Undefined	Undefined	Undefined	250
0.495	Undefined	Undefined	Undefined	Undefined	250