0.	-0.19807635591482303	-0.019530554029272396	0	0	24
0.005	-0.21954555628110484	0.010330110219067531	-0.4574577216427683	0.6278322472207442	24
0.01	-0.20055986474236093	-0.016751843825543955	-0.061203061077767934	0.06158988768339066	24
0.015	-0.1983721836361252	-0.018971339308476887	-0.01873820268590117	0.01693870658503304	24
0.02	-0.197746035339244	-0.01955730529380853	-0.008626780553678312	0.006644289364670025	24
0.025	-0.1974638696427255	-0.019828014879614483	-0.005214737030949792	0.003076857810094185	24
0.03	-0.19730570390263386	-0.020009424345093688	-0.003867678608069033	0.0015019058799178096	24
0.035	-0.19721204095103448	-0.020161427274016486	-0.0033316501869157006	0.0006651119414400387	24
0.04	-0.1971625709208739	-0.020304241637840142	-0.0031776760028918833	0.00014363799123697104	24
0.045	-0.19714908291975877	-0.0204455444612864	-0.0032311577733443128	-0.00022245791923340902	24
0.05	-0.19716745562902543	-0.02058834753584069	-0.0034031776879911613	-0.0004952399018874469	24
0.055	-0.1972150460286907	-0.020734082109385793	-0.003635495990300676	-0.0007035383284019901	24
0.06	-0.19729012665291473	-0.020883868659880265	-0.0038886353057504923	-0.0008695730511669672	24
0.065	-0.19739184123126421	-0.02103871753749505	-0.0041409077591895915	-0.0010131568213893123	24
0.07	-0.1975199817841271	-0.021199381069638642	-0.004383735148004433	-0.0011485879434136321	24
0.075	-0.19767467309143238	-0.0213663245400217	-0.004615003078251853	-0.0012840240800159617	24
0.08	-0.19785616685307678	-0.021539818321214422	-0.004834718006215939	-0.0014234013925796853	24
0.085	-0.1980647577055787	-0.021720033515722076	-0.005043243487663901	-0.001568443462955718	24
0.09	-0.19830075628367896	-0.0219070923158236	-0.005240861027822663	-0.0017198923861154486	25
0.095	-0.19856451840016717	-0.022101132074087086	-0.005427733111989469	-0.0018780911343851642	25
0.1	-0.19885640363098334	-0.022302262728698615	-0.005603944772445316	-0.0020432283159566925	25
0.105	-0.19917680626250944	-0.022510607574029316	-0.005769530379463142	-0.0022154308877088344	25
0.11	-0.19952615101558407	-0.022726297121664896	-0.0059244997972160525	-0.0023948076983444375	25
0.115	-0.19990489461966676	-0.02294946955819943	-0.006068845754427989	-0.0025814628263865066	25
0.12	-0.2003135272185343	-0.023180271291964455	-0.006202547796221832	-0.002775501858993422	25
0.125	-0.20075257372421254	-0.023418857951234454	-0.006325572041564039	-0.002977033138704832	25
0.13	-0.20122259545934398	-0.023665394220119443	-0.00643787176896489	-0.003186168981052975	25
0.135	-0.2017241924361555	-0.02392005461771171	-0.006539391504546901	-0.0034030293544070056	25
0.14	-0.202258004759128	-0.02418302427505689	-0.0066300650165569495	-0.0036277409271446336	25
0.145	-0.2028247144837131	-0.024454498866250257	-0.006709812954167925	-0.003860436198841639	25
0.15	-0.20342504794966593	-0.02473468519896816	-0.006778542659184617	-0.004101253670022261	25
0.155	-0.2040597784698912	-0.025023802366316267	-0.0068361517949165635	-0.004350341389529004	25
0.16	-0.20472972791787908	-0.025322081512507484	-0.006882521808008094	-0.004607852876689566	25
0.165	-0.20543577119578652	-0.025629767883387673	-0.006917527863685568	-0.004873955147635512	25
0.17	-0.20617882679274455	-0.02594711221934201	-0.006941021488294843	-0.005148816657862713	26
0.17500000000000002	-0.20695990206853718	-0.026274403467983903	-0.0069528496738203785	-0.005432623365875949	26
0.18	-0.20778003702637046	-0.026611923212295857	-0.006952840536164484	-0.005725567479015563	26
0.185	-0.20864034574874965	-0.02695997650799143	-0.006940801009507065	-0.006027848514904503	26
0.19	-0.20954201338603812	-0.027318887131554816	-0.006916533810881502	-0.006339685110990726	26
0.195	-0.21048629787448847	-0.027688996666720048	-0.006879812056791552	-0.006661299897948253	26
0.2	-0.2114745374997599	-0.028070667256769606	-0.006830400698524157	-0.006992935170638717	26
0.20500000000000002	-0.21250815425372668	-0.02846428160693628	-0.006768040219543663	-0.007334843000893531	26
0.21	-0.21358866076936442	-0.028870245450710777	-0.006692452132227452	-0.0076872909289095095	26
0.215	-0.21471766661942104	-0.029288988595441122	-0.0066033402855706445	-0.00805056464463017	26
0.22	-0.21589688450632616	-0.029720966369703346	-0.0065003805710852625	-0.008424962711142747	26
0.225	-0.21712812605821666	-0.0301666579126302	-0.0063832309465907296	-0.008810805001703528	27
0.23	-0.21841336005789033	-0.030626585309767744	-0.006251518848914089	-0.009208429486895512	27
0.23500000000000001	-0.21975464785742577	-0.031101288205289165	-0.006104848369606383	-0.009618195146052902	27
0.24	-0.22115420175250694	-0.03159134577226784	-0.005942796652697075	-0.010040485407271581	27
0.245	-0.22261438377195877	-0.03209737358322455	-0.005764904749205431	-0.01047570402795894	27
0.25	-0.22413771896921353	-0.03262002713821825	-0.0055706850784563566	-0.010924283908453366	27
0.255	-0.2257269080848824	-0.03316000523438147	-0.005359614306116766	-0.011386685912072708	27
0.26	-0.22738484318698432	-0.033718052844577184	-0.0051311309406666394	-0.011863401319840369	27
0.265	-0.22911460933538175	-0.034294965316242244	-0.004884634502676769	-0.012354955548089384	28
0.27	-0.2309195606222434	-0.034891595139975654	-0.004619479048691755	-0.01286191057008192	28
0.275	-0.2328032565152077	-0.035508850591674954	-0.004334972299534488	-0.013384867880432434	28
0.28	-0.23476953933133832	-0.03614770619123926	-0.004030369120294006	-0.013924469947119385	28
0.28500000000000003	-0.2368225474377348	-0.03680920778856705	-0.003704873292494261	-0.014481411261359075	28
0.29	-0.238966742850229	-0.037494478655961554	-0.0033576232318440753	-0.015056434333108017	28
0.295	-0.24120694420361402	-0.038204726628850064	-0.002987691694823067	-0.015650338812158163	28
0.3	-0.2435483477259848	-0.038941260077181	-0.002594084521712609	-0.016263990350837903	29
0.305	-0.2459966295380386	-0.03970547328173134	-0.0021757231574354653	-0.016898321145343446	29
0.31	-0.24855790098185876	-0.040498888098895944	-0.0017314469478639425	-0.01755434181357472	29
0.315	-0.25123882091175387	-0.041323147852586437	-0.0012599958746081423	-0.0182331454840129	29
0.32	-0.2540466419355113	-0.042180035664757615	-0.0007600117336541059	-0.01893592454720082	29
0.325	-0.25698926378384324	-0.0430715008603213	-0.00023001175368985837	-0.019663970680533417	30
0.33	-0.2600753700884266	-0.043999634503562826	0.00033160825926595045	-0.02041869882906735	30
0.335	-0.26331443218957806	-0.044966749047188295	0.0009266004181702264	-0.021201653085181123	30
0.34	-0.26671687120910365	-0.04597536593077159	0.0015568736611220315	-0.02201452770353523	30
0.34500000000000003	-0.27029415358651454	-0.047028267276309474	0.002224518829399195	-0.022859183455078355	31
0.35000000000000003	-0.27405897864463796	-0.04812846742945	0.0029318252043175263	-0.02373767317125868	31
0.355	-0.2780253714801741	-0.04927933469301164	0.00368131372889423	-0.02465226258522686	31
0.36	-0.2822089183242351	-0.05048460184597042	0.0044757542379041506	-0.025605470900421916	32
0.365	-0.2866270163624331	-0.05174835894959505	0.005318218257140384	-0.026600093138666063	32
0.37	-0.29129909116036895	-0.05307521382085896	0.0062121032723240896	-0.027639256819979873	32
0.375	-0.29624695552309555	-0.05447032435806161	0.00716120184216951	-0.028726459471638037	33
0.38	-0.3014952069717086	-0.05593941892877384	0.008169741656487019	-0.029865641915797526	33
0.385	-0.30707166871532726	-0.05748902025885161	0.009242459272427016	-0.03106126292174	33
0.39	-0.31300799284266606	-0.05912652387602653	0.010384711384002116	-0.03231837345817965	34
0.395	-0.3193403439526797	-0.06086027884872375	0.011602534970181764	-0.033642751778243746	34
0.4	-0.3261103004703086	-0.06269994842844605	0.012902824420561352	-0.03504102140417189	35
0.405	-0.3333659140851486	-0.06465659102329002	0.014293459523633785	-0.036520831434396224	36
0.41000000000000003	-0.3411631040364384	-0.06674304723645835	0.015783511799833134	-0.03809107700905231	36
0.41500000000000004	-0.3495674518300432	-0.0689743914812658	0.01738352041031021	-0.039762169226811854	37
0.42	-0.3586564202012543	-0.07136831944619734	0.019105798370904696	-0.0415463933008148	38
0.425	-0.3685223595227778	-0.07394588978587355	0.020964869580634215	-0.04345837560885749	38
0.43	-0.3792765589786906	-0.07673246208625656	0.022978045676835607	-0.0455157130578044	39
0.435	-0.3910545063922873	-0.0797588077003007	0.02516615935465746	-0.047739799813055324	40
0.44	-0.4040234100085898	-0.08306285307032137	0.027554640794976635	-0.050156989001287726	41
0.445	-0.4183927236357119	-0.08669202632890992	0.030174959890127223	-0.05280023229654014	43
0.45	-0.43442925543295013	-0.09070669358710902	0.0330667349170433	-0.055711416630480605	44