0.	-0.028977601308778744	-0.011712710043048634	0	0	20
0.005	-0.028594758154852306	-0.011609227369755466	-0.00011337093511364248	-0.0000466046690472854	40
0.01	-0.028215998759854085	-0.011509260695510812	-0.0002217966524286377	-0.00009275310962320453	40
0.015	-0.027841118974970366	-0.011412584562413699	-0.0003253655427652487	-0.00013845422239813036	40
0.02	-0.027469998424721333	-0.011319049059493642	-0.00042420995205828506	-0.0001837328254593682	40
0.025	-0.02710251363419834	-0.011228538405193247	-0.0005184455575657028	-0.00022860597555067667	40
0.03	-0.026738542116788836	-0.011140928715016072	-0.0006081839079358592	-0.00027308813766941715	40
0.035	-0.026377973273783557	-0.011056099482777252	-0.0006935340718614816	-0.00031719249316053215	40
0.04	-0.02602070234103122	-0.01097393717382724	-0.0007745999455037498	-0.0003609282867680083	40
0.045	-0.02566660578064475	-0.010894323860770857	-0.0008514826220885524	-0.00040430340874205676	40
0.05	-0.02531558199854663	-0.010817147977158246	-0.0009242801860034498	-0.0004473238102136192	40
0.055	-0.02496752047682546	-0.010742300371561729	-0.0009930862744777147	-0.0004899917806947844	40
0.06	-0.024622322781803235	-0.0106696847415844	-0.001057993512962953	-0.0005323107492072034	40
0.065	-0.024279881144996764	-0.010599193568792407	-0.0011190896254527332	-0.0005742791977468638	40
0.07	-0.023940110025119633	-0.010530723465909282	-0.0011764608956750379	-0.0006158946263735585	40
0.075	-0.023602891016630163	-0.010464176204964239	-0.0012301902755982143	-0.0006571541684755912	40
0.08	-0.02326814715923905	-0.01039945346812188	-0.0012803583196404117	-0.0006980508150457019	40
0.085	-0.022935771946273824	-0.010336468339753492	-0.0013270426319305548	-0.0007385777311810916	40
0.09	-0.022605679114698726	-0.010275114434377786	-0.0013703204917777617	-0.000778726455788252	40
0.095	-0.02227777806038248	-0.010215305017999316	-0.0014102648640885046	-0.0008184858176239786	40
0.1	-0.021951980663078866	-0.010156951725728412	-0.0014469476577949174	-0.0008578442334213096	40
0.105	-0.021628200601078847	-0.010099966059684405	-0.0014804392147583613	-0.0008967890424703799	40
0.11	-0.021306349433242604	-0.010044246027751377	-0.0015108054597671523	-0.0009353021796867013	40
0.115	-0.020986339646325968	-0.009989717124627373	-0.0015381142665644894	-0.0009733710587823541	40
0.12	-0.02066810091025465	-0.009936277153354444	-0.0015624303708404678	-0.0010109754317687233	40
0.125	-0.02035154532934666	-0.009883852197145089	-0.0015838165181102826	-0.0010480976300311488	40
0.13	-0.020036596948553607	-0.00983234692128196	-0.001602334016065467	-0.0010847164523435078	50
0.135	-0.019723169924767147	-0.009781678118876813	-0.0016180426610097629	-0.0011208104601935988	50
0.14	-0.01941119459574872	-0.009731755557967382	-0.0016310025499995692	-0.0011563563929698189	40
0.145	-0.019100600863831266	-0.009682491656297715	-0.0016412718270380107	-0.0011913302988699143	50
0.15	-0.01879130988341984	-0.009633803421708123	-0.0016489062464197912	-0.001225706549167978	40
0.155	-0.0184832529097786	-0.009585599392774513	-0.0016539623809877064	-0.0012594579684329173	50
0.16	-0.01817635951416454	-0.009537800212647458	-0.0016564958285891877	-0.0012925579661655234	50
0.165	-0.017870557681855127	-0.009490306273989254	-0.0016565609957615956	-0.0013249769079342248	70
0.17	-0.017565783974510814	-0.009443032346955819	-0.0016542106161927914	-0.001356683043555416	50
0.175	-0.01726197256292818	-0.009395887958531723	-0.0016494992793218378	-0.0013876458882903777	40
0.18	-0.01695906446120927	-0.009348787306969461	-0.0016424803820642166	-0.0014178340699487915	50
0.185	-0.016656987811338394	-0.009301631207314962	-0.0016332046324020123	-0.0014472121055699727	50
0.19	-0.016355697492750322	-0.009254322689380434	-0.0016217269685425868	-0.0014757451201535673	60
0.195	-0.01605511804498106	-0.009206779532073855	-0.0016080971138159711	-0.0015033979145589616	50
0.2	-0.015755202314129125	-0.009158899302658077	-0.0015923692293245625	-0.0015301337071588763	50
0.205	-0.015455900948993608	-0.009110581794020675	-0.0015745958228977797	-0.0015559132079297688	50
0.21	-0.015157152651520074	-0.009061729968826305	-0.0015548286749479823	-0.001580697696576226	50
0.215	-0.014858912960988702	-0.009012235780599932	-0.001533122602681941	-0.0016044468613932202	50
0.22	-0.014561135850833459	-0.008962005128166767	-0.0015095305522257855	-0.0016271201274258398	60
0.225	-0.014263769545414898	-0.00891092640362321	-0.0014841061813269055	-0.0016486741823318008	50
0.23	-0.013966780748268605	-0.008858896207956601	-0.0014569047275078853	-0.0016690661315255295	60
0.235	-0.013670128766686936	-0.008805798987594288	-0.0014279844685125302	-0.0016882525804517612	50
0.24	-0.013373768739459157	-0.008751519654354145	-0.0013973998324559882	-0.0017061870927229414	60
0.245	-0.013077675509448215	-0.008695945350373734	-0.0013652104332962385	-0.0017228246095136869	70
0.25	-0.012781822794151966	-0.008638954042961312	-0.0013314762455811642	-0.0017381183050276857	50
0.255	-0.012486168725331554	-0.008580432413470236	-0.001296256482068148	-0.001752021502252923	50
0.26	-0.012190707719951004	-0.008520238871498111	-0.0012596167920593177	-0.001764483959347666	50
0.265	-0.011895422297411518	-0.008458260595921495	-0.0012216207285146378	-0.0017754600155832866	70
0.27	-0.011600292614440368	-0.008394363807820479	-0.0011823337906243076	-0.0017848989281418638	50
0.275	-0.011305306966569499	-0.008328396292009738	-0.0011418264241657302	-0.0017927496082411985	50
0.28	-0.011010480963127813	-0.008260244443618336	-0.0011001702364528169	-0.001798965694992059	80
0.285	-0.010715802844463648	-0.00818975342321296	-0.001057437224218993	-0.0018034950242018584	50
0.29	-0.010421280913924452	-0.008116784873390483	-0.0010137033188287504	-0.0018062881594062407	70
0.295	-0.010126939954728947	-0.00804116529296218	-0.0009690514447822714	-0.0018072921837150196	70
0.3	-0.009832801557485123	-0.007962767690124228	-0.0009235622189203625	-0.0018064616837940254	60
0.305	-0.009538894370994404	-0.007881416967214913	-0.0008773216846214966	-0.0018037433769415609	60
0.31	-0.009245269811379717	-0.007796968735489769	-0.0008304197481248216	-0.0017990924084037982	150
0.315	-0.008951955190975233	-0.007709241860272813	-0.0007829488770832894	-0.0017924576814931622	110
0.32	-0.008659044846029999	-0.0076180832142398024	-0.0007350092727119822	-0.001783795972794904	100
0.325	-0.008366561633518755	-0.0075233308316858625	-0.0006866957371320281	-0.0017730611635868867	90
0.33	-0.008074640340929432	-0.007424783045191315	-0.0006381238051984211	-0.0017602094470186248	110
0.335	-0.0077833056473976085	-0.007322289675255649	-0.0005893914586505959	-0.001745198432669608	50
0.34	-0.007492730986033086	-0.007215632362918744	-0.0005406282882512024	-0.001727989187373259	140
0.345	-0.007203005066199191	-0.00710470244725838	-0.0004919424367679788	-0.0017085544116589946	90
0.35	-0.006914252076824336	-0.006989260140735745	-0.00044346368606378635	-0.0016868524860825175	130
0.355	-0.006626646864053286	-0.0068691134409395865	-0.00039532594014714836	-0.0016628554290093803	140
0.36	-0.006340338520952085	-0.006744153101534907	-0.00034765604484828926	-0.001636549616022891	140
0.365	-0.0060555301333574	-0.006614138517728223	-0.0003006035160863907	-0.001607909099341414	150
0.37	-0.005772407192498591	-0.0064788457511969445	-0.00025431716365881306	-0.0015769122104539713	100
0.375	-0.005491218958303237	-0.006338192096573774	-0.0002089431905600346	-0.001543570559897534	140
0.38	-0.005212153059061929	-0.006191961538373067	-0.00016463505339757596	-0.0015078723535229858	170
0.385	-0.004935512463764913	-0.006040028353270327	-0.00012155764697053151	-0.0014698362980754224	150
0.39	-0.004661628241753084	-0.005882240348601721	-0.00007988385981132608	-0.0014294864045819476	160
0.395	-0.004390690499471769	-0.005718305772181831	-0.000039784419897467556	-0.0013868143689214118	190
0.4	-0.004123127957555348	-0.005548359017210573	-1.4188610719014904e-6	-0.001341910961254232	150
0.405	-0.0038593200851078304	-0.005371897964325319	0.000034985268689278364	-0.0012947693135381458	160
0.41	-0.0035996692771636664	-0.005189272432947324	0.00006929302448126912	-0.0012455262508899428	160
0.415	-0.003344428069944156	-0.005000002677172114	0.0001012964268625881	-0.0011941771067539735	160
0.42	-0.003094323142129172	-0.004804224823176255	0.0001307864723898868	-0.0011408801571812489	170
0.425	-0.002849337142149332	-0.004601508118879207	0.00015759689477181667	-0.0010856209412727319	230
0.43	-0.002610436187252938	-0.004392531612082682	0.00018155383660297097	-0.001028690190359925	200
0.435	-0.002378010193077234	-0.004176805764080979	0.00020242168331164792	-0.0009701356569853659	210
0.44	-0.0021524030552545212	-0.003954823534513414	0.00022010581578318233	-0.0009101571987328557	190
0.445	-0.0019347703199705105	-0.003725333660604249	0.00023414520576566942	-0.0008488102020094747	190
0.45	-0.0017235659806730701	-0.0034899640080846652	0.0002449003861636745	-0.0007862174242126915	190
0.455	-0.0015217423773824683	-0.0032469630288527026	0.00025155949991935217	-0.000722637283873596	180
0.46	-0.0013295133447582248	-0.0030003762733656547	0.0002545963509440727	-0.0006588370819161918	200
0.465	-0.0011483159966540351	-0.002747852596169382	0.00025335876123142086	-0.0005948037358653771	240
0.47	-0.0009695350229344118	-0.0024812466969973144	0.0002477680512047544	-0.0005280812095253913	250
0.475	-0.0008163029243927027	-0.0022113165676366023	0.00023591261381936812	-0.0004641104563440582	240
0.48	Undefined	Undefined	Undefined	Undefined	250
0.485	Undefined	Undefined	Undefined	Undefined	250
0.49	Undefined	Undefined	Undefined	Undefined	250
0.495	Undefined	Undefined	Undefined	Undefined	250