0.	-0.14671037554946992	0.020614043033654883	0	0	20
0.005	-0.14749504952503886	0.02068176474684133	0.0008887236915295103	-0.00012721147215225069	40
0.01	-0.1483047677674294	0.02074957342608972	0.0017948072347164549	-0.00026154255995005445	40
0.015	-0.14913997207322818	0.020817338320841157	0.002718920273991358	-0.00040309252825818857	40
0.02	-0.15000118538153118	0.020885008532087475	0.0036617537965085295	-0.000551967117219578	40
0.025	-0.15088894103608186	0.020952507418065036	0.004624029178355636	-0.000708271631783598	40
0.03	-0.1518038211149463	0.02101976389074258	0.005606493946910438	-0.0008721166407314948	40
0.035	-0.15274642082063666	0.02108670247536082	0.006609927154444227	-0.0010436154910441454	40
0.04	-0.1537173717892291	0.021153250388540365	0.00763513057421643	-0.0012228871077269985	40
0.045	-0.15471733206551128	0.021219322373931135	0.008682945781077008	-0.001410051596289681	40
0.05	-0.15574699812326934	0.021284825304052568	0.009754242700537735	-0.0016052342261114743	40
0.055	-0.1568070976488613	0.02134967099622239	0.010849929139291357	-0.0018085643162535038	40
0.06	-0.1578983956101044	0.021413753244689047	0.011970955713659682	-0.0020201707009238692	40
0.065	-0.15902167911762552	0.02147697127291069	0.013118308701318152	-0.0022401882410779386	40
0.07	-0.1601778023074285	0.02153921343777296	0.014293011409762153	-0.002468758108222666	40
0.075	-0.16136763655160768	0.02160035601602559	0.015496137861457501	-0.0027060215754463905	40
0.08	-0.16259210124407336	0.021660271065858043	0.01672881146547941	-0.0029521214317154588	40
0.085	-0.16385216698802316	0.02171882911526761	0.017992205328068563	-0.003207207334853606	40
0.09	-0.16514884099574564	0.021775879713515425	0.019287534807159848	-0.0034714303032347986	40
0.095	-0.1664831909951321	0.021831273680696345	0.02061608579786378	-0.003744944360797857	40
0.1	-0.16785633171783676	0.021884841429943652	0.021979196448105295	-0.004027907239387134	40
0.105	-0.1692694249368472	0.021936414443966462	0.02337826605387498	-0.004320480175166367	40
0.11	-0.17072370764071554	0.021985802092709873	0.024814756992562005	-0.004622825254673273	40
0.115	-0.17222046360792242	0.02203280774595942	0.026290214928204936	-0.004935103876692692	40
0.12	-0.17376104592095362	0.022077218100156684	0.027806264167437672	-0.005257487684034267	40
0.125	-0.17534687320361753	0.02211880317265516	0.029364582650209324	-0.005590141939686832	40
0.13	-0.17697944213864392	0.02215732572771332	0.03096696599917535	-0.005933238067102269	40
0.135	-0.17866032675285648	0.02219252205255172	0.03261526355896448	-0.006286945930956626	40
0.14	-0.18039117080540654	0.022224108730448472	0.034311468902208465	-0.006651438573975838	40
0.145	-0.18217371837912455	0.02225179673443333	0.03605763737905613	-0.0070268893757816295	40
0.15	-0.18400979765434586	0.022275262610684514	0.03785594222918755	-0.007413466048467517	40
0.155	-0.18590133405131076	0.022294161884245822	0.03970868421188346	-0.007811338063630054	40
0.16	-0.18785035808864184	0.022308126964029222	0.04161830157438223	-0.008220677922980158	40
0.165	-0.1898590142938183	0.02231676489896442	0.04358732468591178	-0.008641649306100207	40
0.17	-0.1919295567793742	0.022319649918708453	0.04561846340690036	-0.009074413500539365	40
0.175	-0.1940643758304321	0.022316321103212813	0.04771456060917375	-0.009519130199663613	40
0.18	-0.19626598789241995	0.02230629480943981	0.04987864204905863	-0.00997594290085033	40
0.185	-0.19853705848697695	0.02228903655740122	0.052113888660524334	-0.010445001189866531	40
0.19	-0.20088040665709272	0.02226397431064666	0.05442367725398292	-0.010926437469971377	40
0.195	-0.2032990090438011	0.022230500905539144	0.056811599153681516	-0.011420376485845391	40
0.2	-0.2057960300392133	0.022187943608129167	0.059281448606588585	-0.011926922400299463	40
0.205	-0.20837482345180536	0.0221355928861763	0.06183725792422835	-0.0124461674279771	40
0.21	-0.21103893535328805	0.02207266764856021	0.06448332528784059	-0.012978193726961386	40
0.215	-0.2137921471510665	0.02199833405467455	0.06722419105708888	-0.013523061500420326	40
0.22	-0.21663847839215677	0.02191168190112739	0.07006472829557009	-0.01408078034265398	40
0.225	-0.2195821877760932	0.02181172174112219	0.07301011601331499	-0.014651369162591792	40
0.23	-0.22262783252546747	0.021697389020580424	0.07606586538886169	-0.015234774713342066	40
0.235	-0.22578025828849652	0.021567519367989695	0.0792378815852052	-0.0158309409147268	40
0.24	-0.2290446401013899	0.021420851797343793	0.08253248655197377	-0.016439747557575244	30
0.245	-0.23242650809793428	0.021256010674730562	0.08595639963050355	-0.01706101323413423	40
0.25	-0.2359317780195549	0.02107149028477815	0.08951687559846234	-0.01769451258000453	30
0.255	-0.23956677327378523	0.02086566335117563	0.09322167832022006	-0.018339944346127957	40
0.26	-0.24333829887791072	0.020636735430876033	0.09707913168237345	-0.018996938274929872	40
0.265	-0.24725363318382573	0.020382749341255828	0.101098226946969	-0.01966500300836152	40
0.27	-0.251320621965007	0.02010156302244346	0.10528861076879667	-0.020343600020683826	40
0.275	-0.2555476968146049	0.019790817271169735	0.10966068285303435	-0.021031987972978845	40
0.28	-0.2599439558908733	0.019447930163037787	0.11422574149877993	-0.02172936745880539	40
0.285	-0.2645192218758955	0.019070050597602202	0.11899594412579481	-0.022434707284067247	40
0.29	-0.2692841209795224	0.018654040698037576	0.12398448770373674	-0.023146841094128127	40
0.295	-0.2742501649580879	0.01819643008570107	0.12920571110054796	-0.02386438045779888	30
0.3	-0.2794298462533942	0.017693379103912256	0.1346751793430372	-0.024585668090882227	40
0.305	-0.28483674110633533	0.017140630859227936	0.14040987828801735	-0.025308751116842512	40
0.31	-0.2904856594658179	0.016533458601798855	0.14642831389138705	-0.02603138362092088	40
0.315	-0.2963927512912993	0.015866589978113244	0.15275072019433888	-0.026750901943349125	40
0.32	-0.3025756963814122	0.015134151459065763	0.15939933752808633	-0.027464227385803026	40
0.325	-0.30905388019189933	0.014329576203027883	0.16639854455096836	-0.028167696256465875	30
0.33	-0.315848618941498	0.013445478823982497	0.17377515884730255	-0.028857014045264574	40
0.335	-0.3229833934944775	0.012473570233278185	0.18155888851888738	-0.029527290740306383	30
0.34	-0.33048416019771076	0.011404510180876758	0.18978248472969592	-0.030172605684898695	40
0.345	-0.33837969483949565	0.010227720461965385	0.1984824236332778	-0.030786279699411823	40
0.35	-0.346701970594534	0.008931251438005938	0.2076990835639618	-0.03136011414010886	20
0.355	-0.35548668662917965	0.007501281745074084	0.217477903703629	-0.031884712174152396	40
0.36	-0.364773741607027	0.005922365908045714	0.22786967470061775	-0.03234897811507337	40
0.365	-0.3746080241612112	0.004176528550504412	0.2389312507569076	-0.03273974543357545	40
0.37	-0.38504013177624874	0.0022431393447386212	0.250727204737252	-0.03304142209306382	40
0.375	-0.39612740754954184	0.00009831197811015213	0.26333064799401296	-0.033235456912606764	40
0.38	-0.40793512098582996	-0.0022857223136094895	0.27682464633907633	-0.03329959735508476	40
0.385	-0.42053788382758767	-0.004941386970993045	0.2913045536740982	-0.03320743046096183	20
0.39	-0.4340217460905514	-0.007907028077642073	0.3068802488200614	-0.032926787384344576	40
0.395	-0.44848595518718376	-0.011227644985132032	0.3236783393025023	-0.03241903969470497	40
0.4	-0.46404634964584995	-0.014957118173924713	0.3418467243405054	-0.03163680364741874	40
0.405	-0.48083877414049414	-0.01916002960506328	0.36155900948418546	-0.030522254244314387	40
0.41	-0.4990238790483388	-0.02391455125421319	0.38301993008492696	-0.029003752776779405	40
0.415	-0.5187933019647268	-0.029316143704052493	0.4064742842181423	-0.026992221293871653	40
0.42	-0.5403779583495647	-0.035482585730239435	0.4322161565056522	-0.02437554115466358	40
0.425	-0.5640590724856447	-0.042560840237262976	0.4606034244175958	-0.02101112805015345	40
0.43	-0.5901834970845771	-0.05073667216126029	0.4920773197842829	-0.016715385374851434	40
0.435	-0.6191850692060138	-0.06024840203817427	0.5271879301957496	-0.01124949173496645	40
0.44	-0.6516152743737432	-0.07140684888641066	0.5666340674485826	-0.00429626341929467	40
0.445	-0.6881885397324023	-0.08462542591092714	0.6113169517926988	0.004572482681824308	40
0.45	-0.7298509511613319	-0.1004665945915633	0.6624279525922948	0.015948094232372062	40
0.455	-0.7778887466062128	-0.11971671138481635	0.7215797456974901	0.030668709276324854	40
0.46	-0.8341071099261282	-0.14351166143714653	0.7910277985254835	0.04995942634392017	40
0.465	-0.9011410589304091	-0.17355958736361685	0.8740460703156385	0.075687979312767	40
0.47	-0.9830330708558672	-0.21256392560094564	0.9756310896884203	0.11083997466619683	40
0.475	-1.08640214644921	-0.2650975787883228	1.1039096102766743	0.16051959424715734	40
0.48	-1.2230966061494608	-0.3396325973855748	1.2733224832961085	0.23426800351410787	40
0.485	-1.4172728273871533	-0.4540874202506751	1.513058828001279	0.3524248219454453	40
0.49	-1.7297275482383108	-0.6553978847394771	1.8958308605000203	0.56861429263722	50
0.495	-2.39307504462373	-1.1315783876492516	2.6963520511639807	1.098673096040705	50