0.	-0.1991145677493607	-0.09520728805241899	0	0	22
0.005	-0.006712469170544301	0.08559821866469372	4.01977212170856	3.817695088463358	24
0.01	-0.269012672558316	-0.02316795907205013	-1.4960722824281425	1.52703823139665	20
0.015	-0.2202107788690435	-0.08401507989520846	-0.47868401995768606	0.2611568640308984	22
0.02	-0.206459887828743	-0.09271995944441211	-0.1997758891474527	0.08903352332484038	22
0.025	-0.20137680086184145	-0.09558252015184077	-0.10256383214204354	0.039580034722296466	23
0.03	-0.1989460686800802	-0.0970431817509998	-0.06045772824364301	0.019866739807295922	23
0.035	-0.19755332073473564	-0.09803458404936335	-0.039503640305558384	0.01040125361169606	23
0.04	-0.19664469382031746	-0.0988417864562087	-0.028056628288875392	0.005234687440765133	23
0.045	-0.19599533865074895	-0.09957316124290874	-0.02139043423736092	0.0021114523693613746	23
0.05	-0.1955022824759416	-0.10027641023777227	-0.017340766759677866	0.00004396071030712302	23
0.055	-0.19511397303806105	-0.10097496350326368	-0.014823678188861425	-0.0014479229430505993	23
0.06	-0.19480276798388174	-0.10168130070751186	-0.013257135641719816	-0.0026151455251376444	23
0.065	-0.19455307717989737	-0.10240251913229845	-0.012311722854802414	-0.003595700972539946	23
0.07	-0.19435570946243155	-0.10314279435574758	-0.011791807471530469	-0.004465996033038546	23
0.075	-0.19420499102884348	-0.10390461990291831	-0.01157497215203573	-0.005266703945073182	23
0.08	-0.1940972035558091	-0.10468951929956632	-0.011579179928959855	-0.006017590195872856	23
0.085	-0.19402972693259135	-0.10549851243152644	-0.011744512358955014	-0.006727117794066491	24
0.09	-0.19400056534454285	-0.10633243008459048	-0.012024138283979587	-0.007399476467126572	24
0.095	-0.194008235122335	-0.10719215262480353	-0.0123805318905058	-0.008038778396103716	24
0.1	-0.1940516709467735	-0.10807866769917926	-0.012784376867195083	-0.008650725034850258	24
0.105	-0.19413021190262908	-0.10899306601498376	-0.013214017689855362	-0.009242352004322964	24
0.11	-0.19424355856861425	-0.10993649300674782	-0.013654520432739143	-0.009820976260691797	24
0.115	-0.19439170760321015	-0.11091010456298987	-0.014096268721053018	-0.010393207150730364	24
0.12	-0.19457488114200042	-0.11191504371530593	-0.01453344653703744	-0.010964436319820522	24
0.125	-0.19479346558426835	-0.11295244019995082	-0.014962717835630478	-0.01153874076257977	24
0.13	-0.19504796749170605	-0.11402342105675126	-0.015382258369298997	-0.012119072235479887	24
0.135	-0.19533898500949795	-0.11512912662086966	-0.015791113798824516	-0.012707526508279166	24
0.14	-0.1956672049134339	-0.11627073122947519	-0.016188805267208173	-0.013305594243920842	25
0.145	-0.19603334210180962	-0.117449435736177	-0.016575101218777682	-0.013914366131126062	25
0.15	-0.19643821352586205	-0.11866650997607928	-0.016949902785715478	-0.014534689820176071	25
0.155	-0.19688268788648228	-0.11992328014180523	-0.01731317043503552	-0.015167262684190361	25
0.16	-0.1973676996284456	-0.12122114158764644	-0.017664891270783318	-0.01581270027106238	25
0.165	-0.19789425196390517	-0.12256156544166194	-0.01800506209381688	-0.01647158069053949	25
0.17	-0.19846341995351868	-0.12394610529609953	-0.018333671806952428	-0.017144458192264175	25
0.17500000000000002	-0.19907635517595157	-0.12537640328470767	-0.018650705179113866	-0.01783189529031869	25
0.18	-0.19973430444477236	-0.1268542003761726	-0.018956140845769034	-0.01853447507534726	26
0.185	-0.20043855899574609	-0.1283813267994744	-0.01924993493428345	-0.01925278962678179	26
0.19	-0.2011905420767215	-0.12995973559546467	-0.019532035062733735	-0.019987463552222074	26
0.195	-0.20199176148912962	-0.13159149222854583	-0.019802372610211533	-0.020739152534883787	26
0.2	-0.2028438300253287	-0.13327878767828522	-0.02006086433921364	-0.021508550922130873	26
0.20500000000000002	-0.20374847208928432	-0.1350239482512073	-0.020307405529475957	-0.02229638397070185	26
0.21	-0.20470753253232926	-0.1368294450949522	-0.02054187614316115	-0.023103425572093418	26
0.215	-0.2057230006752277	-0.13869790797548434	-0.020764139772895034	-0.023930496649140466	27
0.22	-0.20679695921293068	-0.14063212703674272	-0.020974029301350422	-0.024778457585090573	27
0.225	-0.20793168414725666	-0.14263508308594208	-0.021171367689089296	-0.025648237490041297	27
0.23	-0.20912959871260317	-0.14470995025935446	-0.021355947435725227	-0.02654081178321907	27
0.23500000000000001	-0.21039330035254625	-0.14686011481127503	-0.021527538541052015	-0.02745722264639622	27
0.24	-0.21172557524751934	-0.14908919320121033	-0.02168588845824972	-0.02839858784700697	27
0.245	-0.21312943108815818	-0.1514010515404135	-0.021830714783746798	-0.029366091849917095	28
0.25	-0.21460804813746467	-0.15379982580713875	-0.021961700794682328	-0.030361001782716657	28
0.255	-0.21616489595889568	-0.15628995050793593	-0.022078502845709468	-0.031384673009272675	28
0.26	-0.2178036922548094	-0.15887618047080257	-0.022180743309955522	-0.03243856030584901	28
0.265	-0.21952844160842866	-0.16156362213171227	-0.022268005521549308	-0.03352422173385653	28
0.27	-0.22134348093547773	-0.16435776318486622	-0.022339838317490937	-0.034643335019505034	29
0.275	-0.22325343896670163	-0.16726451901918032	-0.022395736578432784	-0.03579769655770218	29
0.28	-0.22526337276736372	-0.1702902631587066	-0.02243515747977038	-0.03698924796585443	29
0.28500000000000003	-0.2273787387137992	-0.17344187864826158	-0.022457503474829523	-0.038220080283808695	29
0.29	-0.22960545083632122	-0.17672680850632735	-0.0224621234987531	-0.03949245753564083	29
0.295	-0.23194994849904899	-0.1801531059170045	-0.02244830565762443	-0.04080882352709097	30
0.3	-0.234419173804988	-0.18372953042378654	-0.02241526555330685	-0.04217183622538413	30
0.305	-0.23702074533329354	-0.18746558268736477	-0.02236214952342461	-0.04358437273780674	30
0.31	-0.2397629732952895	-0.1913716036323989	-0.022288029041758202	-0.045049576840285016	31
0.315	-0.24265488313119543	-0.19545889769855268	-0.02219187321865388	-0.04657086910781504	31
0.32	-0.24570641478651528	-0.19973980191085275	-0.022072557419418923	-0.04815198105004864	31
0.325	-0.24892845631973304	-0.20422783618449747	-0.021928850170472282	-0.04979701248834427	31
0.33	-0.2523329989662126	-0.20893782763541893	-0.02175939520491846	-0.051510450722576075	32
0.335	-0.25593320302354516	-0.2138861385598569	-0.021562690782953534	-0.05329724579869522	32
0.34	-0.2597436680844539	-0.21909077970519297	-0.02133708655204905	-0.055162843929140164	32
0.34500000000000003	-0.2637805639016923	-0.22457166500058204	-0.021080764651059198	-0.05711328303070746	33
0.35000000000000003	-0.26806180079001346	-0.2303509442423357	-0.020791692089406295	-0.0591552521555782	33
0.355	-0.27260740357658314	-0.23645318398519027	-0.020467629036251427	-0.06129618915534248	34
0.36	-0.27743968497943367	-0.2429058806818195	-0.020106064884198346	-0.06354440305297437	34
0.365	-0.28258373226139216	-0.2497397481702269	-0.019704214027603955	-0.06590919514074986	35
0.37	-0.2880677166554372	-0.2569893884346931	-0.01925893806471142	-0.06840102309068001	35
0.375	-0.2939235250653899	-0.2646937564756129	-0.018766725560395058	-0.07103167637779206	36
0.38	-0.30018727668650036	-0.2728970777530473	-0.018223605685367062	-0.07381453497725313	36
0.385	-0.30690018036356104	-0.28164958325670286	-0.017625090571280356	-0.07676479626730483	37
0.39	-0.3141093794406892	-0.291008820587401	-0.01696606820790076	-0.07989987385774912	37
0.395	-0.32186917084834865	-0.3010408213271883	-0.0162407078612166	-0.08323974953374054	38
0.4	-0.3302423870504826	-0.3118220161790191	-0.01544230701217369	-0.08680755481275441	39
0.405	-0.3393022254736647	-0.3234413066563222	-0.01456312705114831	-0.09063019666964157	39
0.41000000000000003	-0.34913452360684877	-0.3360026994245392	-0.0135941848487156	-0.09473916256285196	40
0.41500000000000004	-0.3598407124827887	-0.3496290222580137	-0.012524967932839266	-0.09917164539935697	41
0.42	-0.3715416401281691	-0.36446635708860203	-0.01134308403727944	-0.103971872195794	42
0.425	-0.38438262943090845	-0.3806900958758738	-0.010033812629577265	-0.10919297092183626	43
0.43	-0.39854025805290627	-0.3985130046002437	-0.008579481108703458	-0.11489936910952182	44
0.435	-0.4142315754699211	-0.4181961733081318	-0.006958668030567527	-0.12117016847482198	46
0.44	-0.43172709919059904	-0.4400644207614498	-0.005145066554490854	-0.1281037614148951	47
0.445	-0.451368948748512	-0.46452777140726753	-0.003105926565952759	-0.1358243693480256	49
0.45	-0.4735978813049285	-0.49211337604729766	-0.0007997894163721472	-0.1444917168833157	51