0.	0.015354243526873685	0.015354243526873685	0	0	11
0.005	0.01571901809988644	0.01723748671247479	-0.00021013339496543516	-0.00023020576206563193	22
0.01	0.016092377248774853	0.017533243376626824	-0.00043137207488452167	-0.000469073591982479	21
0.015	0.01647459417188528	0.01783500431419574	-0.0006641579394876362	-0.0007168904013174658	21
0.02	0.016865949820949057	0.018142981394146947	-0.0009089527426477844	-0.0009739568236495737	21
0.025	0.017266738524660916	0.01845739605028482	-0.0011662392825732128	-0.0012405880131605182	21
0.03	0.017677267345858436	0.018778480112473166	-0.0014365225597685694	-0.0015171145233063763	21
0.035	0.018097856788489648	0.019106475950886746	-0.0017203310296748798	-0.0018038831967957761	21
0.04	0.018528841412780803	0.019441637172291543	-0.00201821793002766	-0.002101258147661244	21
0.045	0.018970570740555987	0.019784229515373626	-0.0023307627165209057	-0.002409621832964905	21
0.05	0.019423409846847137	0.020134530896876498	-0.002658572556173484	-0.002729376100887551	21
0.055	0.019887740486938376	0.020492832986869162	-0.003002283979361898	-0.0030609434865345635	21
0.06	0.020363961748026654	0.020859441406811036	-0.003362564576524521	-0.003404768432376551	21
0.065	0.020852491216469232	0.021234676860217547	-0.003740114874351983	-0.003761318708342375	21
0.07	0.021353765913724	0.02161887587389235	-0.004135670301343881	-0.004131086876381642	21
0.075	0.021868241937394343	0.0220123908978323	-0.004550002995220915	-0.00451459170032013	20
0.08	0.022396401731777923	0.022415595331759186	-0.0049839253196823025	-0.004912380676058157	20
0.085	0.022938746091288223	0.022828878581350662	-0.0054382904303118765	-0.005325030680649533	20
0.09	0.023495801874509732	0.02325265156085274	-0.0059139961482716835	-0.005753150824076962	20
0.095	0.02406812175286629	0.02368734666337622	-0.006411987421739366	-0.00619738433756295	20
0.1	0.024656285767365296	0.024133419130679234	-0.006933259342547684	-0.006658410898683227	20
0.105	0.025260903022046477	0.02459134880685776	-0.007478860376580581	-0.0071369492008246625	20
0.11	0.025882613762928483	0.025061642348247263	-0.008049895939727516	-0.007633759868531728	20
0.115	0.026522090627478127	0.02554483310210894	-0.008647531947760976	-0.008149647855732616	20
0.12	0.027180041586733927	0.026041485553569218	-0.00927299911852019	-0.008685466403387342	20
0.125	0.027857211509162146	0.026552195398767683	-0.00992759713641625	-0.0092421199159223	20
0.13	0.028554384777941783	0.02707759260360018	-0.010612699424080494	-0.009820567983944414	20
0.135	0.029272388025181763	0.02761834380603845	-0.011329758287603056	-0.010421829487139822	20
0.14	0.030012092877901204	0.02817515528787351	-0.012080310406789554	-0.011046987193288997	20
0.145	0.030774418833491392	0.028748774970948077	-0.012865982755244967	-0.01169719231523645	20
0.15	0.03156033658939128	0.02933999605957232	-0.013688499073991658	-0.012373669998364234	20
0.155	0.03237087190055669	0.029949660977480495	-0.014549687033693422	-0.013077725367588406	20
0.16	0.033207108903046366	0.030578663944365883	-0.015451485634259712	-0.013810749401093423	20
0.165	0.03407019274828466	0.031227953902711374	-0.016395952745568564	-0.014574225322409392	19
0.17	0.03496134161373032	0.031898546106278874	-0.017385277702189457	-0.015369739523384073	19
0.175	0.03588184020945474	0.03259151616712719	-0.018421785736789553	-0.016198984982745156	19
0.18	0.036833052876920194	0.03330801252424779	-0.019507952350618113	-0.017063773709896413	19
0.185	0.03781642716324353	0.03404926005808295	-0.0206464139602934	-0.01796604582284623	19
0.19	0.03883350062981892	0.034816566863581894	-0.02183998095452999	-0.018907880869456047	19
0.195	0.03988590763774367	0.035611331599871524	-0.023091651633191237	-0.019891510274510662	19
0.2	0.040975386746223905	0.0364350502577304	-0.024404627472054383	-0.02091933037238037	19
0.205	0.042103789329817565	0.03728932522881788	-0.025782330200052526	-0.021993917700947906	19
0.21	0.04327308864282006	0.03817587496419459	-0.027228420315818916	-0.023118045747094536	19
0.215	0.04448539002952004	0.039096544263993394	-0.028746817649977396	-0.024294703324373355	19
0.22	0.045742941299446206	0.04005331463424083	-0.030341723513382095	-0.025527114358307203	19
0.225	0.04704814586581397	0.0410483189227476	-0.03201764618826663	-0.026818761771782627	19
0.23	0.04840357550131762	0.04208385421340419	-0.033779428093666714	-0.02817341215706987	19
0.235	0.04981198564353253	0.04316239848002697	-0.035632276567798785	-0.029595144665914567	19
0.24	0.05127633119031024	0.04428662672000453	-0.037581797348175267	-0.031088381828431932	19
0.245	0.052799785625131	0.04545943283641821	-0.03963403282444499	-0.03265792662565344	19
0.25	0.05438576076572217	0.046683950181221956	-0.041795503666701504	-0.03430900153535999	19
0.255	0.056037929407422464	0.04796357646099597	-0.04407325569879424	-0.03604729368629992	19
0.26	0.05776025048551062	0.049302001880687576	-0.04647491219719439	-0.03787900590728681	19
0.265	0.05955699788072263	0.050703241098879206	-0.04900873315135275	-0.039810914756406635	19
0.27	0.061432791170178476	0.052171667393092355	-0.051683680464199876	-0.041850434705878514	19
0.275	0.06339263155972547	0.05371205356669506	-0.05450949255661773	-0.04400569279808462	19
0.28	0.06544194202869037	0.055329617722969404	-0.05749676819548623	-0.04628561320836978	19
0.285	0.06758661228806574	0.057030074751038676	-0.06065706112142953	-0.04870001332506115	19
0.29	0.06983304967783827	0.05881969535942713	-0.06400298722618608	-0.051259713905184426	19
0.295	0.07218823761719156	0.06070537446579681	-0.0675483471723102	-0.053976666412072195	19
0.3	0.07465980093436952	0.06269470786604042	-0.07130826495374067	-0.056864097941167854	19
0.305	0.07725608204748273	0.06479608322304123	-0.0752993479966605	-0.05993668118622342	19
0.31	0.07998622613302471	0.06701878162437012	-0.07953986876848404	-0.06321072816848897	19
0.315	0.08286028098755388	0.06937309882344003	-0.08404997575086183	-0.06670441882181977	19
0.32	0.0858893112643062	0.0718704844817636	-0.08885193620238309	-0.0704380661191159	19
0.325	0.08908553007543005	0.07452370425956034	-0.09397041692247404	-0.07443442632749067	19
0.33	0.09246245300773114	0.07734703127110053	-0.09943281210280562	-0.07871906518062416	19
0.335	0.09603507699797775	0.08035647068224296	-0.10526962552126787	-0.08332078988521276	19
0.34	0.09982008999924737	0.08357002532693036	-0.1115149189886418	-0.08827216158382475	19
0.345	0.1038361178247667	0.08700801147535392	-0.11820684100427772	-0.09361010659068204	19
0.35	0.10810401588843417	0.09069343611780037	-0.12538825251110555	-0.09937664891966605	19
0.355	0.11264721666531287	0.09465245031793787	-0.1331074726527499	-0.10561979332001882	19
0.36	0.11749214324967223	0.09891489517023987	-0.14141916901856796	-0.11239459330259777	19
0.365	0.12266870822076233	0.10351496672303633	-0.15038543127293766	-0.11976445491188711	19
0.37	0.12821091613173807	0.10849202786217559	-0.16007707044227124	-0.12780273481624393	19
0.375	0.13415759822941312	0.11389161044631166	-0.17057520394600326	-0.13659471748894597	19
0.38	0.14055331269006682	0.11976665524273473	-0.18197320133352912	-0.1462400723777742	19
0.385	0.1474494571724573	0.12617906507705745	-0.19437909124890573	-0.15685593954234334	19
0.39	0.15490565771469272	0.13320166501274566	-0.20791856789751595	-0.16858083634459248	19
0.395	0.16299151377679863	0.14092069748691624	-0.22273877421335467	-0.1815796475293977	19
0.4	0.17178881654993367	0.149439035359353	-0.2390131142758745	-0.19605006987037565	19
0.405	0.1813943978263785	0.15888036357261046	-0.25694743966670014	-0.21223102655384768	19
0.41	0.19192383166102106	0.16939469060639348	-0.27678809468337373	-0.2304137914879459	19
0.415	0.20351630818513286	0.18116570962583306	-0.29883251840800656	-0.2509568941248474	19
0.42	0.21634114349384637	0.19442078506978178	-0.32344341622839545	-0.2743064005915308	19
0.425	0.23060661203492902	0.20944472158880648	-0.3510680042376658	-0.30102396497508044	19
0.43	0.24657214971316926	0.22659911404195865	-0.38226461707742	-0.3318263711458569	19
0.435	0.26456556305641793	0.2463501270500657	-0.41774025437349516	-0.3676424723145282	19
0.44	0.28500784036475757	0.26930932868058893	-0.45840475740095316	-0.40969715146576025	19
0.445	0.30844990236984576	0.29629541633144	-0.5054511009628508	-0.4596386289605372	19
0.45	0.3356287319510265	0.3284305583065841	-0.5604780855439382	-0.5197377767128365	20
0.455	0.3675560706734089	0.3672964067711415	-0.6256843831655419	-0.593211945547989	20
0.46	0.40566521238490527	0.41519870765095696	-0.7041896655303498	-0.6847758288986882	21
0.465	0.452066020709513	0.47564043946902124	-0.8005928633289356	-0.8016297852524468	22
0.47	0.5100187439793998	0.5542279143025595	-0.9220093621476002	-0.9553586084012622	22
0.475	0.5848902495624481	0.6605626807431568	-1.0801640435755522	-1.1659092572987733	24
0.48	0.6863115667179964	0.8126754676042989	-1.2961118840226977	-1.4709450585177408	25
0.485	0.8338869777038316	1.0492728176576995	-1.6127171458393814	-1.9517711883805675	27
0.49	1.0765758485715684	1.4734321113767233	-2.136946874859989	-2.8261653151903716	29
0.495	1.598648090864666	2.5063872087715113	-3.2703529773893103	-4.989589012207822	26
