0.	0.02009960010791763	0.02959729922008213	0	0	11
0.005	0.019697566497607254	0.029158330679354832	0.00026190429021889414	0.0003881082292926185	21
0.01	0.019303873191745865	0.028727558252947493	0.000511913026497339	0.0007634384602227552	21
0.015	0.018918278312669526	0.028304719308908165	0.0007504409405281947	0.0011263779370805835	21
0.02	0.01854054927411058	0.027889561765784693	0.000977886028780036	0.0014772972443611145	21
0.025	0.01817046219396544	0.02748184270152801	0.0011946303628934537	0.001816551099328723	21
0.03	0.01780780170953352	0.02708132916408507	0.0014010408743669405	0.002144479206067089	21
0.035	0.017452360412246477	0.02668779640530721	0.0015974700723697512	0.0024614069132746445	21
0.04	0.017103938558237657	0.026301028254218716	0.0017842567371730508	0.002767645958499864	21
0.045	0.01676234550770935	0.025920817741340817	0.0019617267807688693	0.00306349525347821	22
0.05	0.016427392563959906	0.025546962157484365	0.0021301930810568867	0.0033492409836286914	22
0.055	0.016098902647632765	0.02517926927966354	0.0022899571754345033	0.003625157919283721	22
0.06	0.015776703559390048	0.02481755273972468	0.002441309117901717	0.0038915095018032973	22
0.065	0.015460629170290039	0.024461632781721435	0.002584528150652603	0.0041485484723621825	22
0.07	0.01515051930279834	0.024111336041194305	0.002719883222368574	0.004396517382573461	22
0.075	0.014846219383644707	0.023766495009729542	0.00284763344062099	0.004635649007327078	22
0.08	0.014547580254876524	0.0234269478709384	0.0029680285265637307	0.004866166799391945	22
0.085	0.014254457972189724	0.02309253876488578	0.0030813092416574154	0.00508828541168351	22
0.09	0.013966713514700576	0.022763116533599616	0.003187707773687003	0.005302210881615279	22
0.095	0.013684214242329502	0.02243853586278006	0.003287448518555433	0.005508141308854174	23
0.1	0.013406827477535504	0.022118654386019395	0.0033807469510636953	0.005706266556643424	23
0.105	0.013134429454527169	0.021803336351066852	0.00346781212864144	0.005896769527715694	23
0.11	0.012866899136797501	0.02149244942035268	0.0035488456162147495	0.006079825750021883	23
0.115	0.01260411956663092	0.021185865635199266	0.003624042147662547	0.006255603956680569	23
0.12	0.012345977688823978	0.020883461223163376	0.003693589916830741	0.0064242663730456505	23
0.125	0.012092364171399216	0.020585116014713804	0.003757670852999208	0.0065859688655655465	23
0.13	0.011843173305458705	0.020290713549738416	0.003816460899995275	0.006740861266523604	23
0.135	0.011598304291443661	0.020000141330052422	0.003870130760054396	0.006889087768167087	24
0.14	0.011357655409454492	0.019713289132726162	0.003918844212354458	0.0070307865993540644	24
0.145	0.011121132313846462	0.019430050946283108	0.003962761162872876	0.007166090981718609	24
0.15	0.010888642375779582	0.019150323684190822	0.004002036027049778	0.0072951289279527	24
0.155	0.010660095938296608	0.018874007103933926	0.004036818393106593	0.00741802345505675	24
0.16	0.01043540623084834	0.018601003780237473	0.004067253232876532	0.007534892800023055	24
0.165	0.010214489203778508	0.01833121890882317	0.004093481069772964	0.007645850560187238	24
0.17	0.009997264823099844	0.018064560586141924	0.004115638752066404	0.007751006034331308	25
0.175	0.009783651636149901	0.01780093900803551	0.004133857378720044	0.007850464051017771	25
0.18	0.009573574556789477	0.01754026678331089	0.004148265765552235	0.007944325345013041	25
0.185	0.009366959573825186	0.01728245925516856	0.0041589884342405885	0.008032686853967037	25
0.19	0.009163734976181968	0.0170274334747633	0.004166146314482074	0.008115641450589009	25
0.195	0.008963831232243851	0.016775108607730266	0.004169856867254755	0.008193278281637635	25
0.2	0.008767182205458567	0.016525405565889387	0.004170234865301544	0.008265682766077042	26
0.205	0.00857372008670846	0.01627824792607374	0.004167390061246626	0.008332937152338363	26
0.21	0.008383382651440853	0.016033560416609735	0.004161430909673632	0.008395120000139563	26
0.215	0.008196108395708907	0.015791269412929014	0.004152462352572214	0.008452306501978911	26
0.22	0.008011837639443138	0.015551302993161414	0.004140586498979616	0.008504568655696302	26
0.225	0.007830513529433269	0.015313590798133086	0.004125903325533943	0.008551975335962893	27
0.23	0.007652077603746559	0.015078064333286597	0.004108508371845277	0.008594592530341979	27
0.235	0.00747647629452425	0.014844655689774462	0.0040884964424076475	0.008632482829726944	27
0.24	0.007303656477739037	0.01461329844483983	0.0040659592998051435	0.008665705963239491	27
0.245	0.007133567527188869	0.014383927296936196	0.004040986959177787	0.008694318730912668	28
0.25	0.006966157287294242	0.014156478853178587	0.004013665398616258	0.00871837551197217	28
0.255	0.006801377855184694	0.013930889320696546	0.003984080123968796	0.008737927060272108	28
0.26	0.0066391816937528235	0.013707097050671229	0.0039523139513468405	0.00875302206046087	28
0.265	0.006479523394037418	0.013485039679613441	0.003918448233086168	0.00876370546818267	29
0.27	0.006322356030212526	0.01326465761867267	0.0038825605713934336	0.00877002071487734	29
0.275	0.006167636427976714	0.013045890501460926	0.0038447283203879357	0.008772007622447916	29
0.28	0.006015322453427286	0.012828677991179342	0.0038050269816449524	0.008769702884789022	30
0.285	0.005865370498906267	0.01261296178484286	0.0037635285290551325	0.008763141421997916	30
0.29	0.005717740281624537	0.012398682745640826	0.0037203047527874407	0.008752354613223315	30
0.295	0.005572392326661346	0.012185781440331578	0.00367542568005286	0.008737370608019589	31
0.3	0.0054292857879491814	0.011974199969701851	0.0036289580435739342	0.008718215601620803	31
0.305	0.0052883826452800545	0.011763879219601436	0.0035809683518477258	0.008694912028071721	31
0.31	0.005149645517917733	0.011554759171462467	0.0035315214489811627	0.008667478703672316	32
0.315	0.005013035647238635	0.01134678123862617	0.0034806790076987175	0.008635932503584812	32
0.32	0.004878517267372522	0.01113988398766169	0.0034285029113014414	0.008600285312041564	33
0.325	0.004746052615241115	0.010934007400431899	0.003375051488339142	0.00856054705778519	33
0.33	0.004615606564798975	0.010729087954100993	0.003320383182459694	0.008516722078244344	34
0.335	0.004487141993729077	0.010525063089818987	0.003264552936016542	0.008468812381862135	34
0.34	0.0043606240160450355	0.010321866158809754	0.003207615647525803	0.008416813767446409	35
0.345	0.004236015698687581	0.010119431085434338	0.0031496227096818605	0.008360719312280347	35
0.35	0.004113281898576254	0.009917686893851457	0.003090625251057167	0.008300515015641777	36
0.355	0.003992385392397323	0.009716562404332605	0.0030306708981499655	0.008236183372305025	36
0.36	0.0038732903119920834	0.009515979870968716	0.0029698067979233443	0.00816769810296418	37
0.365	0.0037559587563909297	0.009315860797219086	0.00290807665367252	0.008095028712274127	38
0.37	0.003640352244478231	0.009116120998898894	0.0028455220682715933	0.008018136228588504	38
0.375	0.0035264321487442148	0.00891666971723138	0.002782182978315637	0.007936972174423818	39
0.38	0.00341415760051496	0.008717411356448162	0.002718095779673272	0.007851479712721052	40
0.385	0.0033034861296332855	0.008518241982942851	0.0026532939613239507	0.007761590297586489	41
0.39	0.0031943739714576135	0.00831905035890587	0.0025878083320258257	0.007667224218233032	42
0.395	0.003086774163595051	0.008119713415382228	0.0025216654363142167	0.007568286016548689	43
0.4	0.002980636920645075	0.007920096550993223	0.0024548878158759902	0.007464664194145978	44
0.405	0.002875908912665659	0.007720049904964078	0.002387493421940331	0.007356227118125704	45
0.41	0.0027725321211866383	0.007519406600342031	0.0023194945302106532	0.00724282055649903	46
0.415	0.002670443070364511	0.007317978281552668	0.002250897070677201	0.007124262523760155	47
0.42	0.002569571566684271	0.007115549379302212	0.0021816995217423607	0.007000336606619268	49
0.425	0.0024698385450901855	0.006911874242706595	0.0021118907671581907	0.0068707877117274736	51
0.43	0.0023711544096147955	0.0067066661398303175	0.0020414487020893445	0.006735309620109995	52
0.435	0.002273415788805108	0.006499586937772305	0.0019703372011895285	0.006593532492170335	54
0.44	0.002176501592496595	0.0062902346298631595	0.001898502361482287	0.006445007540813443	56
0.445	0.0020802673500199455	0.006078121049786543	0.0018258673231190017	0.0062891808841085825	59
0.45	0.0019845373760864204	0.005862646117532813	0.0017523248475370516	0.0061253623881824095	62
0.455	0.001889092658750514	0.005643054112791953	0.0016777260740664498	0.005952674088625401	65
0.46	0.0017936525520784606	0.00541837041315589	0.0016018633791092917	0.005769975202757446	69
0.465	0.0016978449435125107	0.005187302686905833	0.0015244422700746618	0.005575745147400078	74
0.47	0.0016011558112840737	0.004948071973873898	0.0014450339660059819	0.005367884679208101	80
0.475	0.0015028380254406388	0.004698119618668975	0.0013629890723275355	0.005143370946731658	87
0.48	0.0014017521878747568	0.004433538283909293	0.0012772894769942378	0.004897591239581863	98
0.485	0.0012961613445099862	0.004147780737403139	0.001186385446065603	0.004622847907221854	112
0.49	0.001183701768072886	0.003826797815789303	0.0010884310174881311	0.004302845226421131	137
0.495	0.0010349453489037063	0.0034127914337473966	0.000953908238930146	0.003870306356186957	192
