0.	Indeterminate	Indeterminate	0	0	11
0.005	0.00749876384924252	0.006860945333296759	-0.000050188933167629704	-0.00004584930195830023	24
0.01	0.007615625137946789	0.006927463543927386	-0.00010234335422093226	-0.00009280935654309633	24
0.015	0.007733769682644539	0.006995417149926839	-0.00015650887063698913	-0.0001409159475366728	24
0.02	0.007853236910830895	0.007064866584746078	-0.00021273278206601715	-0.00019020690655924076	23
0.025	0.007974069491727163	0.007135876661336707	-0.0002710642214380636	-0.00024072229411100472	23
0.03	0.008096309461632546	0.007208512962249882	-0.00033155414517316273	-0.0002925044340811059	23
0.035	0.008220000648020039	0.007282843672052319	-0.0003942554639064991	-0.0003455980617420447	23
0.04	0.00834518850844154	0.007358940576246768	-0.0004592231342808736	-0.00040005050365453626	23
0.045	0.008471919410112305	0.007436876948054543	-0.000526514212717812	-0.0004559117118987849	23
0.05	0.008600241628937338	0.007516730299691242	-0.0005961879973509764	-0.000513234542673531	23
0.055	0.008730204518456687	0.00759858036123985	-0.0006683060785157345	-0.0005720747971455159	23
0.06	0.00886185924193646	0.007682510741596248	-0.0007429324827606379	-0.0006324914790852658	23
0.065	0.008995258450875575	0.007768608400962801	-0.0008201337598196538	-0.0006945469356020628	23
0.07	0.009130456281260885	0.007856963702998414	-0.0008999790845115966	-0.0007583070290455414	23
0.075	0.009267508985177909	0.007947671817196487	-0.000982540432935406	-0.0008238414602076143	23
0.08	0.009406474319924406	0.008040831666799215	-0.001067892646936764	-0.000891223880944922	23
0.085	0.009547411954410624	0.008136546638489447	-0.0011561135975425572	-0.0009605321737755349	23
0.09	0.009690383508273523	0.008234925037648076	-0.0012472843230217226	-0.001031848736626078	23
0.095	0.009835452450917614	0.008336079882700985	-0.0013414891537548244	-0.001105260703617918	23
0.1	0.00998268466355012	0.008440130429476571	-0.001438815932381677	-0.001180860406309274	23
0.105	0.010132147973652453	0.008547201106717592	-0.0015393561061589464	-0.0012587455239790196	23
0.11	0.01028391234803423	0.008657422179502588	-0.0016432049083382324	-0.0013390194623143271	23
0.115	0.01043805032148074	0.008770931119970267	-0.0017504615948803872	-0.0014217918856976903	23
0.12	0.010594636846561775	0.008887872092494411	-0.0018612295997108232	-0.0015071789927650625	23
0.125	0.010753749087030341	0.009008396245243959	-0.001975616683271124	-0.0015953039259264832	23
0.13	0.010915467327885868	0.00913266353750384	-0.002093735288367258	-0.0016862974848406399	23
0.135	0.011079874245452061	0.00926084181435799	-0.002215702617907726	-0.0017802984009453867	23
0.14	0.011247055273749655	0.0093931076681497	-0.0023416409126659336	-0.0018774539420925314	23
0.145	0.011417099150985769	0.009529648195388759	-0.0024716777930854773	-0.0019779207508508626	23
0.15	0.011590097227095943	0.009670659831414782	-0.0026059463571458438	-0.002081865148630061	23
0.155	0.011766144215906198	0.009816350672148482	-0.0027445855879452957	-0.002189464179101696	23
0.16	0.011945338291413223	0.00996694087401972	-0.0028877406513284033	-0.002300906330209687	23
0.165	0.012127779832799938	0.010122662408055516	-0.003035562867594163	-0.002416392137977895	22
0.17	0.012313575386294826	0.010283762062851847	-0.0031882109720315463	-0.0025361355888847293	22
0.175	0.012502832703737332	0.010450500561880634	-0.0033458502269005023	-0.002660364722618718	22
0.18	0.01269566405325761	0.010623154529487077	-0.0035086535432691467	-0.00278932292971996	22
0.185	0.01289218544699065	0.010802017343523967	-0.0036768016453135213	-0.0029232700887824453	22
0.19	0.013092517064249236	0.010987401095373092	-0.0038504835479808526	-0.0030624840708512687	22
0.195	0.013296782958526097	0.011179637006037314	-0.004029896859297243	-0.003207261928212203	22
0.2	0.013505111487106805	0.011379078061917625	-0.004215248310485653	-0.003357921791845633	22
0.205	0.013717635371669541	0.011586100109243951	-0.004406754201727951	-0.003514804466475182	22
0.21	0.013934491507856462	0.011801103707839322	-0.004604640791602945	-0.0036782753550752716	22
0.215	0.01415582132163059	0.012024516345428416	-0.00480914488106515	-0.0038487266362655444	22
0.22	0.014381770761950425	0.012256794909789412	-0.005020514310964046	-0.004026579687271085	22
0.225	0.01461249027485107	0.012498427931521313	-0.005239008478765631	-0.004212287607996818	22
0.23	0.014848134675786483	0.012749938016425355	-0.005464898841733841	-0.004406337985844001	22
0.235	0.015088863399309533	0.01301188554476406	-0.005698469580252734	-0.004609256298973779	22
0.24	0.015334840103136517	0.013284871558046942	-0.005940018066708964	-0.004821609299121429	22
0.245	0.015586232869385944	0.013569541979227221	-0.0061898555698103735	-0.00504400911354538	22
0.25	0.015843214812372688	0.013866591058516365	-0.006448308173859775	-0.005277117362495063	23
0.255	0.016105959135866734	0.014176765726313625	-0.006715715509372617	-0.005521649977052571	23
0.26	0.016374646370454563	0.014500872984000726	-0.00699243433789915	-0.005778383471397561	23
0.265	0.01664945798169362	0.014839781941244135	-0.007278836749388	-0.006048159646512641	23
0.27	0.016930577950294536	0.015194433397616258	-0.007575311572507065	-0.006331893691022457	23
0.275	0.017218191385893703	0.01556584508933272	-0.007882264564417278	-0.006630581096095381	23
0.28	0.017512483720567518	0.01595512100006714	-0.008200118894208082	-0.006945306867875025	23
0.285	0.017813638832222336	0.01636345909420924	-0.008529315095291269	-0.007277254730013035	23
0.29	0.018121837973939965	0.016792162583942602	-0.008870311422343024	-0.007627718658530179	23
0.295	0.018437256902761236	0.017242650083911286	-0.009223583306240308	-0.007998114797142495	23
0.3	0.018760063848150065	0.017716469891039435	-0.009589623183092245	-0.00838999625675801	23
0.305	0.019090416277738144	0.018215315009237714	-0.009968939684441687	-0.008805069475545263	23
0.31	0.019428456304074717	0.018741038198865544	-0.010362056011331156	-0.00924521188226022	23
0.315	0.01977430616457272	0.019295672678913297	-0.01076950822387229	-0.009712493819546883	23
0.32	0.020128061833516096	0.01988145346408829	-0.011191842371581159	-0.010209202609133567	23
0.325	0.020489786024396217	0.020500843501130194	-0.011629611036269652	-0.010737871061137395	23
0.33	0.02085949761423868	0.02115656061966082	-0.012083367571500515	-0.011301308837149615	23
0.335	0.02123716141834724	0.02185161392611803	-0.012553660104532658	-0.01190264151902066	23
0.34	0.021622673039768614	0.022589341097741744	-0.01304102217191546	-0.012545353540735637	23
0.345	0.022015841051847097	0.0233734540520795	-0.013545960997925405	-0.013233339465184258	23
0.35	0.02241636449045055	0.024208091646830257	-0.014068942031091077	-0.013970963780121137	23
0.355	0.02282380736456278	0.025097881987688808	-0.01461037038765	-0.014763131474531704	24
0.36	0.023237554904437453	0.02604801778506552	-0.015170559496343187	-0.015615372982815706	24
0.365	0.023656781854542508	0.027064340024920426	-0.01574970455844033	-0.01653394116477003	24
0.37	0.024080387008967957	0.0281534415044819	-0.016347832350598685	-0.01752593001765788	24
0.375	0.02450692491351664	0.02932279213212234	-0.016964744894347447	-0.01859941774319939	24
0.38	0.02493451232100628	0.030580883513738524	-0.01759994149506749	-0.01976363560850655	24
0.385	0.025360710340012808	0.03193741023034328	-0.01825251784102025	-0.021029176884254486	24
0.39	0.025782368567909712	0.03340348241465418	-0.01892103006966808	-0.022408246616778385	24
0.395	0.026195426578901816	0.034991892991587184	-0.019603317333490373	-0.02391497296503246	25
0.4	0.026594635032998987	0.03671744360287609	-0.0202962514225555	-0.025565790580922208	25
0.405	0.026973212759234918	0.03859733853966822	-0.020995417340720225	-0.02737990962166758	25
0.41	0.02732235587819251	0.04065168894219656	-0.02169465628228337	-0.02937991344985765	25
0.415	0.027630585393467768	0.042904135225520286	-0.022385445103471166	-0.031592505073255915	26
0.42	0.02788282904601407	0.0453826401043117	-0.023056015136580562	-0.0340494618726087	26
0.425	0.02805916331470651	0.048120479982554684	-0.023690122800872696	-0.036788845048195934	26
0.43	0.028132993324658333	0.05115752520370274	-0.024265257007704575	-0.039856570725022834	27
0.435	0.028068422043574237	0.05454188750775708	-0.024750017247521263	-0.043308454082639364	27
0.44	0.02781637543050988	0.05833200464997066	-0.02510020670226597	-0.04721285038249044	28
0.445	0.027308709101119436	0.06259935083814139	-0.02525283913576538	-0.05165414224947719	29
0.45	0.026449073605456806	0.06743182661175788	-0.025116756329313646	-0.056737252491932275	29
0.455	0.025098263454209277	0.07293784195894541	-0.024557448772258652	-0.06259337868849982	30
0.46	0.023049901864766634	0.0792507907657977	-0.02337165088533419	-0.06938694007614707	31
0.465	0.019988353945339182	0.08653220458240757	-0.02124300482785492	-0.07732254973296483	33
0.47	0.015412200889136973	0.09496819185132588	-0.01766078929777372	-0.0866474662141285	34
0.475	0.008486616934708223	0.10474070448539957	-0.011761819474171258	-0.09763251162776795	36
0.48	-0.002261746672420094	0.11590921172654246	-0.0020005590230209834	-0.11046900966426962	39
0.485	-0.01962384461099376	0.1279470304228304	0.014594590508587722	-0.1248257539568196	42
0.49	-0.04926344074432281	0.13770332458290557	0.0441693351546078	-0.13780634469457986	47
0.495	-0.10110881109328622	0.12798754885821287	0.09808408471706108	-0.13212493673451434	61