0.	0.02009960010791763	0.02959729922008213	0	0	11
0.005	0.02030360856760023	0.029821140956650758	-0.00013594899552203343	-0.00019934737700435368	21
0.01	0.020509387726882638	0.030049607454084817	-0.00027585169080517757	-0.0004028412783906725	21
0.015	0.020716999354148436	0.030282850340959615	-0.00041978575359648604	-0.000610609577788773	21
0.02	0.020926506076827747	0.03052102537323503	-0.0005678317366668392	-0.0008227859717405128	21
0.025	0.021137971965450343	0.030764294929822463	-0.000720073177463307	-0.0010395103008200921	21
0.03	0.021351462241013783	0.031012826757160692	-0.0008765967061442931	-0.0012609288187361881	21
0.035	0.02156704341649749	0.03126679466033579	-0.0010374921575224071	-0.0014871945107031849	21
0.04	0.02178478342569346	0.031526379685187046	-0.001202852691402596	-0.0017184674714654329	21
0.045	0.02200475146695604	0.03179176883221715	-0.0013727749078659582	-0.001954915194526517	21
0.05	0.02222701834463181	0.03206315732019359	-0.0015473589863278466	-0.0021967130441988667	21
0.055	0.022451656206223528	0.03234074738822677	-0.0017267088063910162	-0.0024440445882016122	21
0.06	0.022678737225959204	0.03262474817272234	-0.0019109319619495188	-0.002697101955083029	20
0.065	0.022908340135109066	0.03291538213789344	-0.0021001404485767503	-0.0029560868053343766	20
0.07	0.02314054022966942	0.033212875698181925	-0.002294450002147165	-0.0032212100343839757	20
0.075	0.023375416387328474	0.03351746708572625	-0.0024939808124641973	-0.0034926928937132826	20
0.08	0.023613049139466852	0.0338294043156466	-0.002698857534758303	-0.0037707673542630204	20
0.085	0.023853520892990338	0.03414894611646057	-0.0029092094800537323	-0.004055676741700814	20
0.09	0.024096915943252847	0.034476362675875165	-0.003125170792759268	-0.0043476764060854985	20
0.095	0.024343320473406788	0.03481193594046262	-0.0033468806363728784	-0.004647034377481924	20
0.1	0.024592822812826154	0.03515596120453477	-0.003574483420063789	-0.0049540322289811116	20
0.105	0.024845513269064142	0.035508746846126975	-0.0038081289790721957	-0.0052689657526132395	20
0.11	0.02510148421951402	0.03587061535719904	-0.004047972795616987	-0.005592145840407007	20
0.115	0.025360830307398222	0.03624190491945291	-0.004294176251512058	-0.005923899522322634	20
0.12	0.025623648406455125	0.03662296966766088	-0.004546906850377248	-0.0062645708606679255	20
0.125	0.025890037506010405	0.03701418054816275	-0.00480633844161636	-0.00661452199951752	20
0.13	0.026160099154972485	0.03741592739695497	-0.005072651546260252	-0.006974134486824077	20
0.135	0.026433937093099984	0.037828619001629815	-0.005346033556818652	-0.007343810334375775	20
0.14	0.026711657450821425	0.038252684581864635	-0.00562667904441508	-0.007723973397864779	20
0.145	0.026993368927592333	0.03868857595441956	-0.005914790081312249	-0.00811507097557414	20
0.15	0.027279182504954265	0.03913676761833447	-0.006210576486794018	-0.008517575120430014	20
0.155	0.027569211680408972	0.039597759502858904	-0.00651425617922468	-0.008931984557969671	20
0.16	0.02786357254978251	0.04007207835866529	-0.006826055530255167	-0.009358826474518508	20
0.165	0.028162383496508653	0.04056027903764795	-0.007146209628887312	-0.009798658376185775	20
0.17	0.02846576536306737	0.041062946919496336	-0.007474962673079332	-0.010252070336667942	20
0.175	0.028773841488511483	0.041580700259802574	-0.007812568358166535	-0.01071968740111093	20
0.18	0.02908673747867013	0.04211419208698172	-0.008159290192803799	-0.011202172011028442	20
0.185	0.029404581148726534	0.042664112712361736	-0.008515401894700205	-0.011700226779120936	20
0.19	0.029727502511650607	0.04323119296482769	-0.00888118779288957	-0.012214597614056036	20
0.195	0.03005563348409415	0.04381620642195771	-0.009256943184965869	-0.012746076820476222	20
0.2	0.03038910779521875	0.044419973428056446	-0.00964297475960627	-0.013295506881043083	20
0.205	0.03072806080614543	0.045043364220032724	-0.010039601005098748	-0.013863784278373495	20
0.21	0.031072629024654432	0.045687302752593355	-0.010447152542424624	-0.014451863762188745	20
0.215	0.031422949943254716	0.046352771068328344	-0.010865972571558382	-0.015060763095506554	20
0.22	0.03177916153145977	0.04704081408514745	-0.011296417212432425	-0.015691568261108894	20
0.225	0.03214140173760991	0.047752544510757146	-0.011738855868253377	-0.016345439090601887	20
0.23	0.03250980781598953	0.04848914820483842	-0.012193671532906764	-0.01702361543961175	20
0.235	0.03288451569997356	0.049251890835755444	-0.012661261104354761	-0.01772742422045448	20
0.24	0.0332656589950837	0.05004212431327405	-0.013142035588596135	-0.01845828691789004	20
0.245	0.03365336809105546	0.05086129467227618	-0.013636420310597542	-0.019217728114728033	20
0.25	0.03404776875747893	0.051710949660622674	-0.01414485495243998	-0.02000738458610643	20
0.255	0.03444898079693544	0.05259274853735607	-0.014667793564101708	-0.020829015841252803	20
0.26	0.03485711642800253	0.053508472770458754	-0.015205704457852073	-0.02168451585384829	20
0.265	0.035272277814941216	0.05446003546017841	-0.015759069714475455	-0.022575925117504357	20
0.27	0.035694555065107936	0.05544949614336342	-0.0163283848135336	-0.023505445795978224	20
0.275	0.036124023181699924	0.0564790735155591	-0.016914157752438014	-0.024475457159836938	20
0.28	0.036560742314861866	0.05755116419085713	-0.017516909635002933	-0.025488534802244462	21
0.285	0.03700473945210619	0.058668351219192685	-0.01813716653478349	-0.02654746684030878	21
0.29	0.03745602473091801	0.05983343717508806	-0.01877546715322295	-0.02765528218610731	21
0.295	0.0379145717036079	0.06104945726488067	-0.019432353750388143	-0.028815272175821405	21
0.3	0.03838031423520469	0.06231970763103682	-0.020108370403061793	-0.030031020767582687	21
0.305	0.038853138415637256	0.06364777412037345	-0.020804058647112725	-0.03130643742518908	21
0.31	0.03933287271464796	0.06503756346917651	-0.021519951842599916	-0.03264579379063017	21
0.315	0.03981927656619861	0.06649334134918955	-0.022256568247366597	-0.034053766669711404	21
0.32	0.040312026456252974	0.06801977406313547	-0.02301440222066444	-0.03553548644196109	21
0.325	0.04081069948703451	0.06962197749652262	-0.023793913307613865	-0.03709659305193388	21
0.33	0.04131475270387945	0.07130557098731122	-0.02459551209417779	-0.038743299398959694	21
0.335	0.04182349934625097	0.07307674331704514	-0.025419543193274087	-0.04048246636941485	21
0.34	0.042336078969083035	0.07494232536005944	-0.02626626334857463	-0.042321688026450165	21
0.345	0.042851421315329125	0.07690987610489623	-0.027135814038720434	-0.04426939138997855	21
0.35	0.04336820208669653	0.07898778240135436	-0.028028187092313736	-0.046334952795246506	21
0.355	0.043884788823755294	0.0811853765252309	-0.028943181472813835	-0.048528834720117375	21
0.36	0.04439917927340023	0.08351307439769629	-0.029880351894253525	-0.050862746775763336	22
0.365	0.04490889572337903	0.08598253405185743	-0.030838925355475173	-0.05334983406045438	22
0.37	0.04541091336805718	0.08860685358870332	-0.031817732696312676	-0.05600490559124033	22
0.375	0.04590150853545387	0.09140079825648419	-0.03281508218702174	-0.05884470324920193	22
0.38	0.04637609782039169	0.09438107456039727	-0.03382861628147514	-0.06188822524258795	22
0.385	0.04682902774441481	0.09756666451001317	-0.03485512285316236	-0.065157119539165	22
0.39	0.04725330372762742	0.10097922538749635	-0.0358902883805854	-0.06867615835656397	22
0.395	0.0476402408494546	0.10464358529712289	-0.03692837504757404	-0.0724738239218889	22
0.4	0.04797901374955895	0.10858834201949692	-0.03796179747354747	-0.07658302317969862	23
0.405	0.048256024054490754	0.11284661844643645	-0.038980529595225695	-0.08104198596416828	23
0.41	0.04845414109142602	0.1174569907247898	-0.03997136432013658	-0.08589537647500978	23
0.415	0.04855158949647155	0.12246466839714794	-0.04091684057020484	-0.09119570766573984	23
0.42	0.04852048146154764	0.1279229792134498	-0.04179379857513579	-0.09700513189806817	24
0.425	0.048324730316713665	0.13389529598556027	-0.04257131798188934	-0.10339776466803838	24
0.43	0.04791719708023119	0.14045749352591663	-0.04320784941464467	-0.11046267463072117	24
0.435	0.047235496200103026	0.14770118249912617	-0.04364698489758589	-0.11830783316188677	24
0.44	0.04619590603375326	0.15573795481796338	-0.04381124927699145	-0.1270653421204182	25
0.445	0.04468416292709327	0.1647050549765007	-0.04359265374271109	-0.13689847172399006	25
0.45	0.042541377334275446	0.1747728717261884	-0.04283810698677799	-0.14801110825198804	26
0.455	0.03954144535187404	0.1861550333648946	-0.041325889501483665	-0.16066068349476387	26
0.46	0.03535392129436003	0.1991214935221847	-0.03872668100666375	-0.17517551175931612	27
0.465	0.02947980186886047	0.2140148674216921	-0.03453575766234854	-0.19197764213308965	28
0.47	0.021134937005343787	0.2312669368623642	-0.02794908487996712	-0.21160970792464995	29
0.475	0.00902412256945645	0.2514013355129988	-0.01762173830096081	-0.23475450900987552	30
0.48	-0.009132002833961574	0.27496266231147587	-0.0011585642306914251	-0.2621922906677372	32
0.485	-0.03768547935230017	0.30210889633034055	0.026067519589461685	-0.2944383425824805	34
0.49	-0.08581197134183952	0.3304946523508853	0.0739447744527886	-0.3296708805776279	37
0.495	-0.1734148032367726	0.34186270816818465	0.1645228283367571	-0.3499876699506226	49
