0.	-0.042222420943711036	0.12610056133994785	0	0	11
0.005	-0.04226900841297908	0.12567420997768308	-0.0002815286585068944	0.0008349087369439332	21
0.01	-0.04232493723197659	0.12526466259029728	-0.0005632658298697903	0.0016585753523809003	21
0.015	-0.042387058457276756	0.12486953916917803	-0.0008453230321219907	0.002471370063157056	21
0.02	-0.04245535394163032	0.12448860810113255	-0.0011278103364742189	0.0032736516765364265	21
0.025	-0.04252981096919537	0.12412164966591704	-0.001410836547476011	0.004065768160516742	21
0.03	-0.042610421788964264	0.12376845482404465	-0.0016945093946230223	0.004848057140608009	21
0.035	-0.04269718418043528	0.12342882580136551	-0.0019789356802024077	0.00562084643153034	21
0.04	-0.04279010098205863	0.12310257551163989	-0.002264221457024157	0.006384454510950353	21
0.045	-0.04288918016227944	0.12278952696211437	-0.0025504721849951457	0.007139190957399662	21
0.05	-0.04299443480658254	0.12248951332268915	-0.002837792896947253	0.007885356916474651	21
0.055	-0.04310588308126877	0.12220237756512999	-0.0031262883463293	0.008623245503632037	21
0.06	-0.043223548244063825	0.12192797215617746	-0.003416063164567166	0.009353142206996398	21
0.065	-0.043347458653269395	0.12166615902304001	-0.003707222015425829	0.010075325289235285	21
0.07	-0.04347764777976589	0.12141680914712707	-0.003999869735999239	0.010790066129044153	21
0.075	-0.0436141542539011	0.12117980268545339	-0.00429411150574866	0.011497629631821786	21
0.08	-0.043757021858362076	0.1209550285654201	-0.004590052970388883	0.012198274518075201	21
0.085	-0.04390629966391364	0.12074238443055361	-0.0048878004151749095	0.012892253692208745	21
0.09	-0.04406204795233644	0.12054178195042099	-0.005187461583289506	0.013579815156973365	22
0.095	-0.044224314603377946	0.12035312561995917	-0.005489143148378789	0.014261200015340399	22
0.1	-0.04439317072937097	0.12017634371271088	-0.005792954831050726	0.01493664612833678	22
0.105	-0.04456868713269759	0.1200113678936939	-0.0060990069638383725	0.015606386260710514	22
0.11	-0.04475094025898453	0.11985813818893112	-0.006407411269318709	0.016270648870880623	22
0.115	-0.04494001239205754	0.1197166028154018	-0.0067182810371931405	0.016929658394309093	22
0.12	-0.04513599176743298	0.11958671851317249	-0.007031731293786062	0.01758363557525012	22
0.125	-0.0453389727374611	0.11946845016053709	-0.007347878961814946	0.018232797668012574	22
0.13	-0.045549055917627944	0.11936177106801289	-0.007666843037375735	0.018877358747106616	22
0.135	-0.04576634837537499	0.11926666293451012	-0.007988744773709835	0.01951752997143293	22
0.14	-0.04599096389386452	0.11918311589374478	-0.008313707877090652	0.020153519843912015	22
0.145	-0.0462230231049217	0.11911112871965653	-0.008641858687365046	0.020785534487729088	22
0.15	-0.04646265379427175	0.11905070870310755	-0.008973326391094197	0.021413777878219582	22
0.155	-0.046709991116910286	0.11900187202937539	-0.00930824322582545	0.022038452139094725	22
0.16	-0.04696518301109691	0.11896465005516682	-0.009646745722639145	0.022659758976353778	23
0.165	-0.04722837000865954	0.11893906509671591	-0.009988970893724903	0.023277895376826244	23
0.17	-0.04749971636896218	0.11892516655058248	-0.010335062510453297	0.023893060559639787	23
0.175	-0.04777938979969477	0.1189230075199216	-0.010685167335861483	0.02450545186300799	23
0.18	-0.04806756711522511	0.11893265107957873	-0.01103943643897876	0.025115266188736416	23
0.185	-0.04836443451847261	0.1189541703804588	-0.011398025431781067	0.025722700200024116	23
0.19	-0.04867018811177162	0.11898764902542285	-0.011761094793125197	0.02632795065657596	23
0.195	-0.048985034373786526	0.1190331815585856	-0.012128810196044084	0.02693121475515765	23
0.2	-0.049309190609590124	0.11909087358213499	-0.01250134281836822	0.02753269035929212	23
0.205	-0.04964288560873188	0.11916084255393923	-0.012878869743076825	0.02813257643898027	23
0.21	-0.04998636015791292	0.11924321815246158	-0.013261574308767744	0.02873107337247354	23
0.215	-0.050339871703316365	0.1193381502516072	-0.013649647611980651	0.02932838515267243	24
0.22	-0.05070367891636547	0.11944578005348688	-0.014043284652462556	0.02992471257317471	24
0.225	-0.05107806697401271	0.1195662844285635	-0.014442691280412139	0.030520264250811092	24
0.23	-0.051463331754375854	0.11969984772499802	-0.014848080333076896	0.03111525003627564	24
0.235	-0.051859785087590496	0.11984667015246833	-0.015259673345649202	0.03170988337183386	24
0.24	-0.052267755567449684	0.12000696828470617	-0.015677701076743322	0.03230438163312007	24
0.245	-0.05268758964858176	0.12018097612749477	-0.016102404167063784	0.03289896671653438	24
0.25	-0.053119652824611424	0.12036894628814565	-0.016534033836472967	0.03349386563227718	24
0.255	-0.05356433348400048	0.12057115964830863	-0.01697285350030827	0.03408931355565838	25
0.26	-0.054022033220888666	0.12078789345427796	-0.01741913596623065	0.034685545057179974	25
0.265	-0.05449318550208386	0.12101947152851684	-0.0178731698711546	0.0352828086367504	25
0.27	-0.05497824552972293	0.12126623419141548	-0.018335256882887535	0.03588135859872882	25
0.275	-0.05547769495345437	0.12152854765483254	-0.01880571367796616	0.036481458065668694	25
0.28	-0.05599204394546305	0.12180680628447738	-0.019284873128670613	0.03708338001994024	25
0.285	-0.05652183331908687	0.1221014347811018	-0.019773085568572945	0.0376874083915362	25
0.29	-0.057067637628029695	0.12241290022588015	-0.0202707205654436	0.03829384229213231	26
0.295	-0.05763006418523286	0.12274167743180596	-0.020778166688233672	0.038902985421374624	26
0.3	-0.058209762439334053	0.12308830714579613	-0.021295836159542905	0.039515164986122835	26
0.305	-0.058807422322664615	0.12345336372206386	-0.021824164619770978	0.040130722056762755	26
0.31	-0.059423779200961445	0.12383746785455634	-0.022363613755815488	0.04075001613701436	26
0.315	-0.06005961709356927	0.1242413011631042	-0.022914673589962714	0.04137343078453115	27
0.32	-0.060715775716547606	0.12466557223723458	-0.023477865175252778	0.04200136254377426	27
0.325	-0.06139315327753032	0.12511107978829916	-0.024053743873177352	0.04263424322908232	27
0.33	-0.062092712773948164	0.12557868183320653	-0.02464290210604807	0.04327253019022796	27
0.335	-0.06281548629766147	0.12606932239314333	-0.025245972713486366	0.04391671657433125	28
0.34	-0.06356259078048664	0.12658400181166807	-0.025863635380713405	0.04456732143105462	28
0.345	-0.06433522565900121	0.12712384306534777	-0.026496618797291982	0.04522491455214481	28
0.35	-0.0651346886562294	0.1276900668687889	-0.027145707600895706	0.04589010868480685	28
0.355	-0.06596238090268797	0.1282840241404377	-0.027811746978914035	0.04656357286185281	29
0.36	-0.06681983727717164	0.12890717239931734	-0.028495655571321082	0.04724602437767364	29
0.365	-0.06770871767367712	0.1295611524623188	-0.02919842655982289	0.04793825955764166	29
0.37	-0.06863083222542865	0.1302477818547903	-0.029921139773795045	0.04864115314243711	30
0.375	-0.06958818311119447	0.13096905257170763	-0.030664980880368977	0.04935565857417611	30
0.38	-0.07058294829581709	0.13172722612264123	-0.03143124115809682	0.05008284788852425	31
0.385	-0.07161755678134209	0.1325248003441281	-0.03222135012858899	0.05082390016485342	31
0.39	-0.07269467579297703	0.1333646215523506	-0.03303687834368436	0.05158014968080585	32
0.395	-0.07381730322217325	0.1342498753870837	-0.033879579461669536	0.052353084223453125	32
0.4	-0.07498876509260645	0.13518421477500217	-0.034751399317237974	0.053144401447290934	33
0.405	-0.07621283686442971	0.13617178638418503	-0.03565453345894076	0.05395602239983043	33
0.41	-0.07749375907941383	0.1372173884555838	-0.036591447328777414	0.05479016262317476	34
0.415	-0.07883640595308931	0.13832655286996323	-0.03756495905981934	0.05564936969491514	34
0.42	-0.08024633248822632	0.13950575963848783	-0.038578278789485526	0.056536621439374754	35
0.425	-0.08173001177446734	0.14076261947505056	-0.03963512989868238	0.057455408162430215	36
0.43	-0.0832950026844724	0.1421061831803254	-0.04073984985981906	0.05840987395193436	37
0.435	-0.08495024414160801	0.1435473229643681	-0.04189755294244916	0.05940498984515045	38
0.44	-0.08670643998650104	0.1450992605531519	-0.043114344996222076	0.060446793792890065	39
0.445	-0.08857659171136101	0.14677830397024236	-0.044397620261305344	0.06154272492411651	40
0.45	-0.09057674620203982	0.14860489785002062	-0.04575647853003846	0.06270210045373997	42
0.455	-0.0927271530149254	0.15060519172284728	-0.04720236329826038	0.06393682429856304	44
0.46	-0.09505392286360462	0.15281341457936176	-0.048749985092183104	0.06526246308531061	46
0.465	-0.0975917482317678	0.15527568797895802	-0.050418824241897586	0.06669996891730053	48
0.47	-0.10038843461419722	0.1580564433995686	-0.05223563172358098	0.06827857594169329	51
0.475	-0.10351310539360553	0.16125007541262365	-0.05423894535027686	0.07004105191233495	55
0.48	-0.10707234229881293	0.1650040307837462	-0.05648795840363478	0.07205409025873441	60
0.485	-0.11124651649791453	0.16957097410302882	-0.05908243063236402	0.0744317513762134	68
0.49	-0.11638940785706064	0.1754529560186965	-0.06221715564046909	0.07740014253833986	80
0.495	-0.12341627743429719	0.18397097461463613	-0.06639378994149489	0.08155243856228839	108