0.	-0.051324114087687604	-0.004641600404545648	0	0	16
0.005	-0.05157677324647351	-0.004127145087876353	-0.0027334055486084715	-0.00023583903240215946	16
0.01	-0.05184190246354456	-0.0036116731129120054	-0.005475801866185022	-0.00043802077801591505	16
0.015	-0.05212243835947312	-0.0030953187531780626	-0.008230356337561891	-0.0006064961600932274	16
0.02	-0.052418771134658586	-0.00257748529061175	-0.011000250881998021	-0.0007411258291048037	16
0.025	-0.05273131049626026	-0.002057674953474347	-0.01378860377879731	-0.0008416622702803988	16
0.03	-0.05306031389581567	-0.0015352667722705608	-0.016598714392656172	-0.0009077905995102474	16
0.035	-0.05340633947448962	-0.0010097414728556992	-0.019433938026510833	-0.0009390970811735625	16
0.04	-0.05376961227459642	-0.00048052184296744956	-0.02229753781287715	-0.0009350474612936583	16
0.045	-0.05415083930696939	0.00005299258680157453	-0.02519304991633021	-0.0008950371859800599	16
0.05	-0.05455033861464491	0.0005913519215359117	-0.028123919332705177	-0.0008183265551024925	16
0.055	-0.054968765264145375	0.0011351749652967634	-0.031093791471530803	-0.0007040852978305711	16
0.06	-0.055406598023263254	0.0016850782203575963	-0.034106354616130125	-0.0005513566049312993	16
0.065	-0.05586445039249947	0.0022417347833955754	-0.03716542205989165	-0.00035906908450114626	16
0.07	-0.05634295778597809	0.002805740134174969	-0.04027498406285775	-0.00012601985305091962	16
0.075	-0.05684278862273133	0.003377814474230657	-0.043439086095864915	0.00014912881602927865	16
0.08	-0.057364638504603736	0.003958663743298073	-0.046662035635129114	0.00046784895591754346	16
0.085	-0.05790935218866855	0.004548964104864004	-0.04994814522742923	0.0008317844898366089	16
0.09	-0.05847765888656969	0.005149483868806219	-0.05330210113747206	0.0012427200377341983	16
0.095	-0.059070408808586695	0.005761006889346885	-0.05672862450980683	0.0017026278056291183	16
0.1	-0.059688473844710384	0.00638433107575869	-0.060232752826092924	0.002213657381227366	16
0.105	-0.060332879662387755	0.007020322499880153	-0.063819673493626	0.0027781597440624376	16
0.11	-0.06100463996681837	0.0076698507229861984	-0.06749491400052646	0.003398698771528266	16
0.115	-0.061704814320992014	0.008333890912408274	-0.07126422445757014	0.004078064657801644	16
0.12	-0.062434679633367324	0.009013318390257949	-0.07513362708341559	0.00481930270871939	16
0.125	-0.06319525546452179	0.009709201940965858	-0.07910951970290316	0.005625722152461675	16
0.13	-0.06398793730648178	0.010422620835555584	-0.08319862990100178	0.006500919137523467	16
0.135	-0.06481426470578126	0.011154292589495364	-0.08740815835839504	0.007449054430815101	15
0.14	-0.06567549472942676	0.01190618099470315	-0.09174536277242103	0.008473910372323418	15
0.145	-0.06657325677493516	0.01267910204366151	-0.09621831355640588	0.009580352243800916	15
0.15	-0.06750924957946271	0.013474431172110644	-0.10083537133482394	0.010773405611704125	15
0.155	-0.06848533029074044	0.014293544686973412	-0.10560553089486327	0.01205855040091136	15
0.16	-0.06950331946312349	0.015137910481717282	-0.11053822836973354	0.013441750936547517	15
0.165	-0.070565245559794	0.01600912158427888	-0.11564360313551648	0.014929488575924391	15
0.17	-0.07167341249446221	0.016908847497025536	-0.12093235961489046	0.016528831105887792	15
0.175	-0.07282995858570589	0.01783879259992964	-0.12641600793674806	0.018247500977739726	15
0.18	-0.07403758434152508	0.018800916420596413	-0.13210672972042947	0.020093886191113068	15
0.185	-0.07529879254410178	0.019797210183306338	-0.13801763387734386	0.022077170755617874	15
0.19	-0.07661656242367118	0.02082975807949329	-0.14416271676137898	0.024207391499424243	15
0.195	-0.07799392013717452	0.02190093299038822	-0.15055696281906275	0.026495495625797935	15
0.2	-0.07943410595348399	0.02301309609031144	-0.1572165764116856	0.02895351973534211	15
0.205	-0.08094078709969009	0.02416895233457453	-0.16415866177217947	0.03159458009455297	15
0.21	-0.08251768337539134	0.025371259672220984	-0.17140193623869307	0.0344331380508248	15
0.215	-0.08416895702565567	0.026623030576852665	-0.1789663828769692	0.037485041188112946	15
0.22	-0.08589905486046236	0.02792752773674157	-0.18687357714848932	0.04076771658984236	15
0.225	-0.08771269358160731	0.029288257135231973	-0.19514687691054364	0.044300358257049324	15
0.23	-0.08961514211388927	0.030708889358895777	-0.2038113691703706	0.048104151995495614	15
0.235	-0.09161191724766976	0.03219357453376157	-0.21289437322420257	0.05220243294859994	15
0.24	-0.093709202809668	0.033746664106370415	-0.22242532986563995	0.056621042219956313	15
0.245	-0.09591351450646614	0.03537287481206394	-0.2324364334426044	0.06138861696120256	15
0.25	-0.09823205062961785	0.03707736319803964	-0.2429624791427024	0.06653688350800245	15
0.255	-0.1006725566819577	0.038865668838885814	-0.2540413651744186	0.07210111013957847	15
0.26	-0.10324362817096422	0.0407438567475186	-0.2657144302378874	0.0781205496859614	15
0.265	-0.1059544615033766	0.04271851970591396	-0.2780268862563517	0.08463896518108266	15
0.27	-0.10881526442383609	0.044796799759780286	-0.29102796785824825	0.09170525475749437	15
0.275	-0.11183715007772917	0.04698659398375388	-0.3047718862185691	0.09937414685032066	15
0.28	-0.11503225764308983	0.049296345392311286	-0.3193178847414294	0.1077070656964633	15
0.285	-0.11841414314472173	0.05173556391791796	-0.33473107608488323	0.11677297508625067	15
0.29	-0.12199742207385907	0.054314407996585004	-0.35108343177610124	0.12664970066109238	15
0.295	-0.1257985321542992	0.05704427493011576	-0.36845409636314197	0.13742503276334533	15
0.3	-0.12983549510112943	0.05993753570232089	-0.38693053905632285	0.14919841447247884	15
0.305	-0.13412833523672568	0.0630079716010643	-0.40660966794114406	0.16208268590238586	15
0.31	-0.13869926183054207	0.06627076963475118	-0.427599286709478	0.17620632687159693	15
0.315	-0.14357313101988714	0.06974268165921199	-0.45001885334187475	0.19171595607226685	15
0.32	-0.14877745738925632	0.07344247214621603	-0.4740020388739115	0.20877945655273197	15
0.325	-0.15434343511839688	0.0773907744135379	-0.49969776334753074	0.22758964469845475	15
0.33	-0.16030576531744298	0.0816109288273492	-0.5272732847522497	0.2483686611729779	15
0.335	-0.1667037202353554	0.08612872819370208	-0.556916063599268	0.2713734413132036	15
0.34	-0.17358163400324292	0.09097334463861105	-0.58883741914419	0.29690209113053534	15
0.345	-0.1809897450541591	0.0961773717763357	-0.6232760184104857	0.3253020858642811	15
0.35	-0.1889853446986971	0.10177771755319319	-0.6605021011389447	0.3569799043748215	15
0.355	-0.1976337365843185	0.10781604015679605	-0.7008227147992343	0.39241322204139417	15
0.36	-0.2070099471011513	0.1143396794206876	-0.7445878819610059	0.4321660317410469	15
0.365	-0.21720034446431763	0.12140234525104623	-0.7921978471114114	0.4769076685961332	15
0.37	-0.2283049618636453	0.12906564200569093	-0.8441119105465822	0.5274363963836408	15
0.375	-0.24044001203970602	0.13739995538134792	-0.9008592404827104	0.5847101101719797	15
0.38	-0.2537414987812779	0.14648652588305183	-0.9630516899149486	0.6498849409711784	15
0.385	-0.26836793606202874	0.15641873341872714	-1.0314064481051297	0.7243642786889843	16
0.39	-0.28451112353185987	0.16730575749816218	-1.1067393273231154	0.8098710522288968	16
0.395	-0.30239524358837344	0.17927431097456234	-1.1900258850517174	0.9085230891776888	16
0.4	-0.32229041997693275	0.19247276081221748	-1.2824071284296923	1.0229570212062624	16
0.405	-0.34452370747608363	0.2070757945672564	-1.3852315627469651	1.156481552100302	16
0.41	-0.3694936099061222	0.22328979866001697	-1.5001002312932434	1.3132906249280119	16
0.415	-0.39769123616398483	0.2413601169403927	-1.6289233471630238	1.4987592228691942	16
0.42	-0.42972707959706763	0.2615795061346714	-1.7739899778046757	1.7198601944324414	16
0.425	-0.466369857566844	0.284299284724842	-1.9380552387607564	1.985763952054616	16
0.43	-0.5085982702071574	0.30994061234897763	-2.124460482648499	2.3087229058976844	17
0.435	-0.5576826962127485	0.33901789485334455	-2.3371996964941317	2.705352351931264	17
0.44	-0.6152882701736238	0.3721475980384703	-2.5811471113673994	3.198692896960816	17
0.445	-0.6836465886393867	0.4100740622753958	-2.862136815078646	3.8213742171438514	17
0.45	-0.7658101078257293	0.4536847222410492	-3.187055712380924	4.620839053685619	17