0.	-0.051324114087687604	-0.004641600404545648	0	0	16
0.005	-0.05084625866418415	-0.005670017924160083	0.005484138768853537	0.0005663839173817974	17
0.01	-0.05037421808735713	-0.006694901667756025	0.011020171914780703	0.0012555385176770634	17
0.015	-0.04991034193413751	-0.007717770270462432	0.016613312465169273	0.0020687423873205785	17
0.02	-0.049454265275326814	-0.008739648311164971	0.02226902704132362	0.0030075989668927397	17
0.025	-0.04900585341787717	-0.009761786611399642	0.027993036223248304	0.0040740372881972525	17
0.03	-0.04856450772928447	-0.010785236026661302	0.03379110986791147	0.005270262730031434	17
0.035	-0.04813007360294465	-0.011811172854683085	0.0396692940765842	0.006598823161160778	17
0.04	-0.047702122336569	-0.012840754664430956	0.045633990131025225	0.008062633067220224	17
0.045	-0.04728031328562104	-0.013875151563906129	0.05169166850058841	0.009664902933859286	17
0.05	-0.04686430083349098	-0.014915521960592327	0.057849187487201324	0.011409235829085502	17
0.055	-0.046453774403277484	-0.015962835340226186	0.06411368746681842	0.01329970364562484	18
0.06	-0.04604834253865071	-0.017018888098376452	0.0704927159732993	0.015340512858356458	18
0.065	-0.04564764156591827	-0.01808466116568947	0.07699413706875442	0.017536548270919508	18
0.07	-0.045251249512397985	-0.019161425986785517	0.0836261802826029	0.019893039769726555	18
0.075	-0.04485885764700001	-0.020250519804172643	0.09039734662887833	0.022415622337996127	18
0.08	-0.04446997778678431	-0.021353325550667823	0.09731683668819681	0.02511050410492903	18
0.085	-0.04408423829305682	-0.022471254116793758	0.10439420013047308	0.027984377666970817	18
0.09	-0.043701194191888594	-0.023605802318087923	0.11163945723869467	0.031044423214753314	18
0.095	-0.043320591426241284	-0.0247584552469484	0.11906323226763264	0.0342984832352179	18
0.1	-0.042941613958699096	-0.025930758428527396	0.12667679492890663	0.03775495862733841	18
0.105	-0.04256422945227842	-0.027124043760746133	0.13449179309292097	0.04142309171852178	19
0.11	-0.04218756313158503	-0.028340717731997388	0.14252127286711305	0.0453124400416927	19
0.115	-0.041811188473781805	-0.029582119418997542	0.15077834839761545	0.04943366785553062	19
0.12	-0.04143456324562406	-0.030850161568648886	0.15927725568301657	0.05379816585077269	19
0.125	-0.04105714311719778	-0.0321467966630399	0.16803291697319767	0.05841809890586948	19
0.13	-0.04067842190516532	-0.03347411550186863	0.17706153122739374	0.06330675753888096	19
0.135	-0.040297540766645754	-0.03483427554449521	0.1863800456881576	0.06847821353879191	19
0.14	-0.03991398118993032	-0.036229414939104386	0.19600676159335875	0.07394787796769556	19
0.145	-0.039526982431253445	-0.0376620164405271	0.20596106870838454	0.079732162371614	19
0.15	-0.03913568311828129	-0.03913458469364781	0.21626377248320863	0.08584881578912676	19
0.155	-0.038739432735812145	-0.04064943981006317	0.2269367639171835	0.09231720646546501	20
0.16	-0.03833724279063122	-0.04221005175751081	0.23800454319250858	0.09915763737719535	20
0.165	-0.03792808709336152	-0.04381910655100499	0.24949239953254665	0.10639256990311383	20
0.17	-0.037511158208634904	-0.045479715629402825	0.26142777200848166	0.11404613065684163	20
0.175	-0.037085175886482066	-0.04719531183985826	0.27384016420582746	0.12214427298151265	20
0.18	-0.03664914689049063	-0.04896948357157773	0.2867613984388346	0.13071522716410233	20
0.185	-0.036201739222906926	-0.05080603216196956	0.30022559390733244	0.13978936658454033	20
0.19	-0.03574166088061089	-0.05270905420088455	0.31426986925517003	0.1493998289899026	20
0.195	-0.03526752936987281	-0.054682589485621776	0.32893348745659073	0.15958255550808648	21
0.2	-0.03477744990028535	-0.05673190652838264	0.34426076476758133	0.17037597922819156	21
0.205	-0.03427003843636416	-0.05886185062720315	0.3602980338205023	0.18182254750840582	21
0.21	-0.03374323340213009	-0.06107758733192974	0.37709609344855904	0.1939682196813306	21
0.215	-0.03319513860453339	-0.06338508081166573	0.3947099053668907	0.20686275936417015	21
0.22	-0.03262358193010234	-0.06579045533298683	0.4131995276847708	0.22056071833455354	21
0.225	-0.03202607603798853	-0.06830040068010818	0.43263033564757536	0.235121548662089	21
0.23	-0.031400089322232747	-0.07092217065547786	0.45307354112676024	0.2506100929038428	21
0.235	-0.030742788219458583	-0.07366301165174632	0.4746064917785933	0.26709808332965	22
0.24	-0.030050834166656968	-0.07653237329911709	0.497315595908162	0.28466210817262133	22
0.245	-0.029321113908261365	-0.07953894134817821	0.5212936077075324	0.3033880800108313	22
0.25	-0.02854956513837157	-0.08269262093972761	0.5466431833754549	0.3233696651841065	22
0.255	-0.027732133919741594	-0.08600430007239812	0.5734769386860713	0.34470978027447907	22
0.26	-0.026864481974191376	-0.08948497132360454	0.6019183197848987	0.3675228647208278	23
0.265	-0.025941104337445058	-0.09314874648091888	0.6321061734719371	0.39193299930188463	23
0.27	-0.024956815781833515	-0.09700889959020297	0.6641910966866844	0.418079253721547	23
0.275	-0.023905304203724033	-0.10108084787749355	0.6983413182473346	0.4461151792388996	23
0.28	-0.02277948575729222	-0.10538128370181328	0.7347433831208403	0.47621083088149413	23
0.285	-0.021571934241914947	-0.10992867340446062	0.773604873001986	0.508555505567832	23
0.29	-0.020274265400016752	-0.11474242070024784	0.8151557339709299	0.5433610367334138	24
0.295	-0.018876632646378493	-0.11984642850464597	0.8596569790053982	0.5808603058992987	24
0.3	-0.017368732032968362	-0.1252644311681089	0.9073974271089053	0.6213175235156214	24
0.305	-0.015738345547138623	-0.13102395785132234	0.9587021967875307	0.6650271275310893	24
0.31	-0.013972165977309409	-0.13715404799456193	1.0139367491846234	0.7123222620363122	25
0.315	-0.012055375420786725	-0.1436904326775027	1.0735167524959488	0.7635726706155576	25
0.32	-0.009970524916937397	-0.1506692839431807	1.1379102113675916	0.819201126782636	25
0.325	-0.007698664077643455	-0.1581329956033644	1.2076484945081618	0.8796845123282995	25
0.33	-0.005217716429939602	-0.16612817444472686	1.283337997051707	0.9455642270414376	25
0.335	-0.002502396492048954	-0.17470630358755954	1.365670899040865	1.0174601355910755	26
0.34	0.0004750737719246695	-0.18392917489317395	1.4554437760609282	1.0960716120421479	26
0.345	0.003747509471736698	-0.1938627314054296	1.5535710546047286	1.18220870294108	26
0.35	0.00735333201881587	-0.20458177537076733	1.6611087335335624	1.2768035742458017	27
0.355	0.0113343485720405	-0.2161754007598035	1.7792871471650662	1.3809234229779455	27
0.36	0.015741190906378412	-0.22874141227185169	1.909535821364787	1.4958132774222888	27
0.365	0.020633293219326436	-0.24239142217303267	2.0535295836853056	1.622925362826559	28
0.37	0.026076454446147285	-0.2572590709934297	2.21324224461931	1.7639422859630836	28
0.375	0.03215281996495536	-0.27349241678544967	2.391005060587868	1.920860069794945	29
0.38	0.038953876694876294	-0.2912698091629904	2.589595952555233	2.0960144478408185	29
0.385	0.0465919732969655	-0.31079467011365636	2.812335617924707	2.292192602885901	29
0.39	0.05520177444352631	-0.33230623784553437	3.0632296994069064	2.5127234620015493	30
0.395	0.06493841002197628	-0.3560920039790047	3.347134631741109	2.7615852960013423	30
0.4	0.07599862854784517	-0.3824867395267688	3.6699926672583834	3.043617036354103	31
0.405	0.0886134027105215	-0.41189680468403383	4.039125929987846	3.364690590432258	32
0.41	0.1030659859971748	-0.4448130436160012	4.463643834919487	3.732012233628512	32
0.415	0.11971524252622556	-0.48182634158187765	4.9550019148368065	4.154537352339495	33
0.42	0.13900000738918106	-0.5236690394736944	5.527743776732122	4.643430941857315	34
0.425	0.16147628886231205	-0.5712481929990509	6.200577862885513	5.212813511886674	35
0.43	0.18785432715365413	-0.6257017696580219	6.99789286190998	5.880730285880231	36
0.435	0.21905232558554377	-0.688477253982694	7.951974647464395	6.670555046651981	37
0.44	0.25627654002139705	-0.7614442269060411	9.106306415527223	7.613008407091127	38
0.445	0.30113795397975707	-0.8470557523538899	10.520628765247201	8.749132872581965	39
0.45	0.3558417517373579	-0.9485977469687563	12.278945883002383	10.134848831414976	41