0.	-0.27718807812889995	-0.12817662799130836	0	0	17
0.005	-0.27723151154257747	-0.12817177655056175	3.65491805675168e-6	-6.771833003777032e-6	17
0.01	-0.2773859394848126	-0.128259314464741	0.000014604792249076827	-0.00002709281625516348	17
0.015	-0.27764359116950704	-0.12840539028686165	0.0000328392954742651	-0.00006111405988096711	17
0.02	-0.2780048179131662	-0.12861032984881088	0.00005835965445266785	-0.00010891028655428644	17
0.025	-0.27847033160105616	-0.12887440311115558	0.00009118237768138109	-0.00017070517040601737	17
0.03	-0.2790408567076145	-0.12919817114491597	0.00013133617516268459	-0.0002466704682584497	17
0.035	-0.27971731258427485	-0.1295822190993992	0.0001788634291532528	-0.0003370720739619096	17
0.04	-0.2805009023190691	-0.13002727087192342	0.0002338217679736703	-0.0004422640614744341	17
0.045	-0.28139283790330927	-0.13053409324303342	0.0002962800099744627	-0.0005625549292000396	17
0.05	-0.28239470436050934	-0.1311037401197634	0.0003663229319007983	-0.0006983556327829039	17
0.055	-0.283508232447361	-0.13173722374967806	0.0004440469608459676	-0.0008500071374140433	17
0.06	-0.2847351409872945	-0.132435730345735	0.0005295658130319643	-0.0010181427079095358	17
0.065	-0.28607776432848525	-0.13320064093034706	0.0006230055049582195	-0.001203204802400912	17
0.07	-0.28753828085762523	-0.13403341533613936	0.0007245085903324694	-0.001405844608078677	17
0.075	-0.28911925317361287	-0.13493561679373658	0.0008342307391491941	-0.0016266843387361166	17
0.08	-0.29082364444587394	-0.13590916386116564	0.0009523464633261898	-0.0018664873236442481	17
0.085	-0.29265423773231497	-0.13695586790404118	0.0010790409053979062	-0.0021259769402841282	17
0.09	-0.2946144499160902	-0.1380778954680648	0.001214522440248127	-0.002406068105965258	17
0.095	-0.29670788121975444	-0.13927746282965608	0.0013590113411645194	-0.0027077024998869055	17
0.1	-0.29893828594152666	-0.14055711711254407	0.001512745586564759	-0.0030318341737387354	17
0.105	-0.3013099647183316	-0.14191943002114374	0.0016759846812976114	-0.0033795928893474688	17
0.11	-0.303827326912755	-0.14336733783236555	0.0018490048204434706	-0.0037522462994135503	17
0.115	-0.3064953088834184	-0.14490399423182462	0.002032099796012591	-0.0041509948157556886	17
0.12	-0.30931887679607467	-0.14653262187384064	0.002225583664473412	-0.004577307389529093	17
0.125	-0.31230384048382376	-0.14825690117951285	0.0024297928484872736	-0.005032653201042545	17
0.13	-0.31545599156876797	-0.15008066202984952	0.002645085580652962	-0.005518761522143454	17
0.135	-0.3187819673651328	-0.15200810096031975	0.0028718389465356457	-0.006037398880507309	17
0.14	-0.32228863626597093	-0.1540436254841427	0.0031104554426418774	-0.006590478329238412	17
0.145	-0.3259832960772001	-0.15619212887687503	0.003361356643713197	-0.007180137459605023	17
0.15	-0.3298740643319752	-0.15845874389426054	0.0036249972957317356	-0.0078086841288111195	17
0.155	-0.33396936854507997	-0.16084909644515416	0.0039018456263755037	-0.008478585908722063	17
0.16	-0.33827847646160425	-0.16336912193784361	0.004192401994292207	-0.009192525620836466	17
0.165	-0.34281098989971986	-0.16602298249790876	0.004497187513841047	-0.009953459549785392	18
0.17	-0.3475778794546174	-0.16882212482393089	0.004816758002502371	-0.010764486936565495	18
0.175	-0.35259040763580773	-0.17177178489860429	0.0051516956344018466	-0.011629250649145285	18
0.18	-0.3578608566385522	-0.1748800299888563	0.005502600711714246	-0.012551451097749876	18
0.185	-0.36340231902241404	-0.17815564248805643	0.005870105591865207	-0.013535121137707436	18
0.19	-0.36922912468219915	-0.1816078937262819	0.006254872349056408	-0.014584867682295428	18
0.195	-0.37535650579500424	-0.18524708044611868	0.006657588180522817	-0.015705572362298213	18
0.2	-0.3818010368620648	-0.18908401234112804	0.007078962044184597	-0.01690261570438244	18
0.205	-0.3885805241447498	-0.19313067453422353	0.007519734217998363	-0.018181902493465418	18
0.21	-0.3957142726356579	-0.19739981105531312	0.007980657686590627	-0.01954983665303747	18
0.215	-0.4032232460315731	-0.2019055368834427	0.008462522473407046	-0.02101362680598276	18
0.22	-0.41112983035260553	-0.20666287080458143	0.008966105468302973	-0.02258085600236666	18
0.225	-0.41945866765217016	-0.2116882972307413	0.009492226069311487	-0.024260313846034436	18
0.23	-0.42823633258143506	-0.21699975401468205	0.010041683880620478	-0.026061221833670514	18
0.235	-0.43749165340625407	-0.2226166430253201	0.010615290859070259	-0.027994186713836456	18
0.24	-0.4472562617529007	-0.22856045138072856	0.011213843912612221	-0.030070724330163202	18
0.245	-0.4575642970719217	-0.23485429171168704	0.01183809829148054	-0.03230344516796723	18
0.25	-0.468453169479664	-0.24152363807079588	0.012488779451160809	-0.03470663833367877	18
0.255	-0.47996378501449183	-0.24859632660004033	0.013166548743089356	-0.037296018592926	18
0.26	-0.4921409839731957	-0.2561029807552779	0.013871979618438161	-0.04008904258547757	18
0.265	-0.505032249958824	-0.2640741712467161	0.014605450502803685	-0.0431054125321019	19
0.27	-0.5186943070542076	-0.27255293137605463	0.015367378754200986	-0.04636676871306321	19
0.275	-0.5331852081509754	-0.2815771592118065	0.01615778750347736	-0.04989758573956313	19
0.28	-0.5485704401282917	-0.29119213008851613	0.016976491185457968	-0.053725196676588205	19
0.285	-0.5649220663716554	-0.3014478087273792	0.01782296824597234	-0.05788075257063693	19
0.29	-0.5823203020441151	-0.31239963243085883	0.018696254698287684	-0.06239883602544498	19
0.295	-0.6008538015264056	-0.3241095351811148	0.0195948430934533	-0.06731879285880148	19
0.3	-0.6206212429620687	-0.3366461514311353	0.020516504627632593	-0.07268519767030454	19
0.305	-0.641732702552841	-0.35008641594414003	0.02145817145698225	-0.07854878311649918	19
0.31	-0.6643110139112424	-0.36451655557367957	0.022415660847084806	-0.08496714253242099	19
0.315	-0.688493891912116	-0.380033214733282	0.023383383180253646	-0.09200613968409777	19
0.32	-0.7144325968468814	-0.39674168909543905	0.024353867523684607	-0.09974179700742083	20
0.325	-0.7423077667363271	-0.41477230004923055	0.02531797042587191	-0.10826044002492256	20
0.33	-0.7723134293440729	-0.4342608707656811	0.026263309619156152	-0.11766262793151261	20
0.335	-0.8046730122649125	-0.45536591009407784	0.027174228490159172	-0.12806444665177477	20
0.34	-0.8396405233877586	-0.47826780596102525	0.02803063437408195	-0.1396011927428711	20
0.345	-0.8775059738668562	-0.5031734223007099	0.028806924424683668	-0.15243041820702205	20
0.35	-0.9186022733562058	-0.5303200765077363	0.029470493195845403	-0.166736904644649	20
0.355	-0.9633056312525589	-0.5599779379940747	0.029979252150876736	-0.1827387924875789	21
0.36	-1.0120697166825858	-0.5924716030466843	0.030280923557646923	-0.20069274569883094	21
0.365	-1.0654027784651305	-0.6281660231140915	0.030307141238476377	-0.22090548896079737	21
0.37	-1.1239041323079813	-0.6674927211747336	0.029970851812164537	-0.24374308915580678	21
0.375	-1.1882766904709243	-0.7109583214829838	0.029160053903340914	-0.2696459863723271	21
0.38	-1.259349558257279	-0.7591616701360181	0.02773020652796833	-0.29914700910537445	21
0.385	-1.3380954733518702	-0.8128119509711191	0.025492539602777115	-0.33289569898417853	22
0.39	-1.4257088698183953	-0.8727656314280936	0.022204154178508566	-0.3716878191973075	22
0.395	-1.5235943359217006	-0.9400453034016714	0.017543139154672312	-0.41650833180641705	22
0.4	-1.6334511217798742	-1.0158941564987969	0.011083357240232527	-0.4685853548497458	23
0.405	-1.7573950453477039	-1.1018372132600578	0.002261583905033636	-0.5294632859030337	23
0.41	-1.897996655039472	-1.199751272022873	-0.009683626248563684	-0.6011058056820174	23
0.415	-2.058452416544659	-1.311981019321621	-0.02578718694540995	-0.6860345268585781	24
0.42	-2.2428383570216055	-1.4414742154389446	-0.04746401269509293	-0.7875286497721118	24
0.425	-2.4562962395194305	-1.5919931836819723	-0.0766889375505411	-0.9099087483251352	24
0.43	-2.705465513647352	-1.7684125086210327	-0.11624932940121788	-1.0589514616797802	25
0.435	-2.999118860628246	-1.9770923093597668	-0.17013591121040297	-1.2425100749330493	25
0.44	-3.3488661144847294	-2.226572941140157	-0.24419643762598758	-1.4714596352037645	26
0.445	-3.770583975746666	-2.528425812171242	-0.3471545188610066	-1.7611914137760467	27
0.45	-4.286357335661395	-2.8987456707965595	-0.4923778389410818	-2.134024147152352	27