0.	-0.21216754801314328	0.1639380095458473	0	0	11
0.005	-0.21230273036775088	0.1647452512254647	0.0014170020882884396	-0.0011049590930954057	30
0.01	-0.21250050945967142	0.16550454763407285	0.0028399428084601706	-0.0022334686683387213	30
0.015	-0.21273012602084182	0.16628111835939619	0.004269464535339157	-0.003386050831853923	30
0.02	-0.2129919554072885	0.16707537052488575	0.005706226451355769	-0.004563250968261325	30
0.025	-0.21328640440082386	0.1678877257149372	0.007150905751205798	-0.005765638653538886	30
0.03	-0.21361389405015396	0.16871861520367587	0.00860419820538833	-0.00699380839522905	29
0.035	-0.21397493484840976	0.1695685055236258	0.010066822433713716	-0.008248381692954611	29
0.04	-0.2143700157667368	0.170437861254851	0.011539517189553452	-0.009530006690208518	29
0.045	-0.21479968096202973	0.1713271710245236	0.013023045557663057	-0.010839360278209401	29
0.05	-0.21526451167170366	0.17223694225898997	0.014518195923730017	-0.012177149136533442	29
0.055	-0.2157651287284347	0.17316770166964052	0.016025783723336597	-0.013544111043486223	29
0.06	-0.21630219293380878	0.17411999592658833	0.01754665320925029	-0.014941016270697712	29
0.065	-0.21687640750153847	0.17509439376086877	0.01908167941173774	-0.01636866916238528	29
0.07	-0.21748852000500335	0.17609148520107804	0.020631770184601834	-0.017827909570713035	29
0.075	-0.21813932408697623	0.17711188404095432	0.022197868405814683	-0.019319614688840518	29
0.08	-0.21882966182333394	0.17815622804182668	0.02378095426560469	-0.02084470072457779	29
0.085	-0.21956042561236416	0.17922518055491807	0.02538204772473658	-0.02240412485830867	29
0.09	-0.2203325613259384	0.18031943145763774	0.02700221124659874	-0.023998887235235248	29
0.095	-0.22114707054182572	0.18143969909632357	0.028642552540075347	-0.025630033191162555	29
0.1	-0.2220050140402801	0.18258673046550092	0.030304227690779017	-0.027298655383880186	29
0.105	-0.2229075139494688	0.18376130400826193	0.031988444240186716	-0.029005896388116337	29
0.11	-0.22385575801306135	0.18496423001502638	0.033696464818411584	-0.030752951142228965	29
0.115	-0.2248510032639353	0.18619635317911706	0.03542961088830973	-0.03254106985563345	29
0.12	-0.22589456411282452	0.1874585388636966	0.03718926417381488	-0.03437155812267966	28
0.125	-0.22698787746894822	0.1887517343933799	0.03897688081722196	-0.036245790773560396	28
0.13	-0.22813241655152872	0.19007688263816766	0.04079398151945496	-0.03816519948126159	28
0.135	-0.22932975650353238	0.19143498258448752	0.04264216619873866	-0.040131286675717304	28
0.14	-0.23058156425684467	0.19282707729190884	0.04452311689976823	-0.04214562680038061	28
0.145	-0.23188960498074848	0.19425425614817687	0.04643860391531368	-0.04420987049739053	28
0.15	-0.23325574745261823	0.19571765716551387	0.0483904918421434	-0.04632574884819815	28
0.155	-0.234681971430303	0.19721847003490575	0.0503807465959068	-0.048495078153978396	28
0.16	-0.2361703744482357	0.19875793866883545	0.05241144278924764	-0.05071976490160071	28
0.165	-0.23772318112448562	0.20033736460853893	0.05448477209584514	-0.053001811268614286	28
0.17	-0.23934274956587245	0.20195810986545704	0.056603051538993615	-0.05534332071769832	28
0.175	-0.24103158319172255	0.20362160121190362	0.05876873357153421	-0.05774650442643364	28
0.18	-0.2427923395460128	0.20532933263369824	0.06098441628948878	-0.060213687694531864	28
0.185	-0.24462784115380365	0.20708287058953526	0.0632528546138585	-0.06274731734190234	28
0.19	-0.24654108897526447	0.2088838576130531	0.0655769730926614	-0.06534996930907297	28
0.195	-0.24853527530789557	0.21073401724503743	0.06795987945235771	-0.0680243571147499	28
0.2	-0.2506137970865461	0.21263515854267256	0.07040487907261934	-0.07077334057633938	28
0.205	-0.25278027383086543	0.21458918134070903	0.07291549198394894	-0.0735999356500817	28
0.21	-0.25503856338824415	0.21659808247309237	0.07549547027648357	-0.07650732490623985	28
0.215	-0.25739278237566987	0.2186639615263642	0.0781488182381656	-0.07949886882615378	28
0.22	-0.25984732572551916	0.2207890265266635	0.0808798137058725	-0.08257811771456458	28
0.225	-0.26240689188428373	0.22297560227068391	0.08369303263747693	-0.08574882539680186	28
0.23	-0.265076506851242	0.22522613677591924	0.08659337524862841	-0.08901496317783918	28
0.235	-0.26786155265320855	0.2275432096560776	0.08958609536220027	-0.09238073547229152	28
0.24	-0.27076779908403353	0.22992954047972666	0.09267683329551647	-0.09585059663767005	28
0.245	-0.27380143851475736	0.23238799897343618	0.09587165203970464	-0.09942926960725335	28
0.25	-0.27696912277250396	0.234921613504177	0.09917707704407412	-0.10312176522509149	28
0.255	-0.28027800851595464	0.23753358289070248	0.10260014205101664	-0.10693340442590239	28
0.26	-0.28373580243053476	0.24022728766749488	0.10614843854633754	-0.11086984179889182	28
0.265	-0.2873508159457496	0.24300630198342724	0.10983017229374399	-0.11493709098285183	28
0.27	-0.2911320236676416	0.24587440779202274	0.11365422613543162	-0.1191415533481144	28
0.275	-0.29508913089662325	0.2488356077881423	0.11763023126455509	-0.1234900481727022	28
0.28	-0.29923264920346027	0.2518941422034879	0.12176864702998988	-0.12798984668018845	28
0.285	-0.3035739789638557	0.2550545035357352	0.1260808508648807	-0.13264870833679457	28
0.29	-0.3081255064143822	0.25832145575535653	0.13057924058679252	-0.13747492153322202	28
0.295	-0.31290071104624767	0.2617000514414251	0.13527735058489304	-0.1424773471969878	28
0.3	-0.31791428872322286	0.2651956528084454	0.14018998399126079	-0.14766546771278677	28
0.305	-0.32318228974740987	0.26881395153155113	0.14533336262094632	-0.15304943902713664	28
0.31	-0.3287222795554729	0.27256099320976995	0.15072530008663465	-0.15864015006867394	28
0.315	-0.334553520615382	0.2764431969634833	0.15638540000931195	-0.1644492847884026	28
0.32	-0.340697181527837	0.2804673833983336	0.16233528383601883	-0.17048939397145857	28
0.325	-0.3471765784180281	0.2846407968943224	0.16859885453854767	-0.17677397050961557	28
0.33	-0.35401745438097443	0.28897113243135986	0.1752026028316067	-0.1833175346081777	28
0.335	-0.36124830372418276	0.2934665589472625	0.18217596332290237	-0.19013572483424634	28
0.34	-0.3689007486069471	0.29813574440013707	0.18955173039026396	-0.19724539940912353	28
0.345	-0.37700998249907497	0.3029878759599977	0.1973665472403657	-0.2046647446714273	28
0.35	-0.3856152884262546	0.30803267821442326	0.20566148152761243	-0.2124133942956103	28
0.355	-0.3947606538253729	0.3132804250735312	0.2144827076332994	-0.22051255726273655	28
0.36	-0.4044954983479959	0.31874193884772717	0.22388231854555934	-0.22898515289027724	28
0.365	-0.41487554189932097	0.3244285813990189	0.23391929606003384	-0.23785595710207844	28
0.37	-0.4259638492502874	0.3303522172478555	0.24466068078748157	-0.24715174981158505	28
0.375	-0.43783208655773365	0.33652515210554446	0.2561829847978013	-0.2569014664802274	28
0.38	-0.4505620515898935	0.3429600263618535	0.2685739150513813	-0.26713634346801346	28
0.385	-0.46424754389161826	0.3496696484574654	0.2819344850448886	-0.27789004774021775	28
0.39	-0.47899666983161926	0.3566667384789637	0.29638162558713377	-0.2891987739954247	28
0.395	-0.4949346954752206	0.3639635055549317	0.3120514306122859	-0.3011012531680227	29
0.4	-0.5122076949974695	0.37157125214291087	0.3291032665295278	-0.31363881574671765	29
0.405	-0.5309869984162127	0.3794993028325173	0.3477249078388018	-0.32685499433960696	29
0.41	-0.5514750741349884	0.38775394861512386	0.36813920996709804	-0.3407951625459563	29
0.415	-0.573913025711433	0.3963366184149767	0.3906127024017183	-0.3555056167094729	29
0.42	-0.5985904424857852	0.40524122605454393	0.41546688297004475	-0.371032029029853	29
0.425	-0.6258584828451497	0.41445019809711114	0.44309324478978096	-0.38741684316191816	29
0.43	-0.6561475802657171	0.42392841230992045	0.47397363111314916	-0.4046949306402603	30
0.435	-0.6899915201169369	0.4336140760451066	0.5087080170364947	-0.4228865553640258	30
0.44	-0.7280616496440242	0.44340388256295676	0.5480539076894577	-0.4419853114443254	30
0.445	-0.7712154702662497	0.453129682027347	0.5929824694591596	-0.4619381797922798	31
0.45	-0.8205679729678323	0.46251951937794533	0.6447610756434056	-0.482610914562685	31
0.455	-0.8776003613451573	0.4711306026304951	0.7050790544449815	-0.5037266094583099	31
0.46	-0.9443297568129513	0.47822928214548965	0.776244486902317	-0.5247525505194313	32
0.465	-1.023586242143854	0.4825631410847393	0.8615061921281499	-0.5446804653985262	33
0.47	-1.119487097547917	0.4818984155510948	0.965606805030339	-0.5615719720700808	33
0.475	-1.238291145997551	0.4719921964771495	1.0957864473762284	-0.571532486158444	34
0.48	-1.3900192171774786	0.44400938337943674	1.263716923946706	-0.5660985410764016	36
0.485	-1.5915405064041663	0.37678833894896424	1.4893549593122477	-0.5243261005251968	38
0.49	-1.8697323039088714	0.20629675189623292	1.806504903048949	-0.3811836391574817	42
0.495	-2.159446241143256	-0.3697813708280045	2.1726625986101933	0.18038330534935818	51