0.	-0.14933681150886227	0.01939382837784226	0	0	35
0.005	-0.15087893296763671	0.021552998602319372	0.0020151486657319522	-0.0002909658395872469	34
0.01	-0.1524409606954859	0.023728183207359928	0.004078862690968523	-0.0006474853446969376	34
0.015	-0.15402381415323835	0.025920905570828642	0.006192059781655296	-0.0010708181315714	34
0.02	-0.15562844630157732	0.02813272485848846	0.00835571725520947	-0.0015623248828506024	34
0.025	-0.1572558299630707	0.030365232128877366	0.010570873623121013	-0.002123471023641302	34
0.03	-0.1589069530519062	0.032620052891969	0.01283862980188659	-0.0027558306659096077	33
0.035	-0.16058286012570347	0.03489886379668403	0.01516015434465204	-0.003461092210744995	33
0.04	-0.16228459032258544	0.03720337361381798	0.01753668090317065	-0.00424106146899346	33
0.045	-0.1640132227465498	0.03953534326547806	0.01996951370929531	-0.00509766815268324	33
0.05	-0.16576986784730197	0.04189658405386745	0.022460029483980227	-0.0060329711203431224	33
0.055	-0.1675556590790914	0.044288957823313366	0.025009678733606204	-0.007049163853903521	32
0.06	-0.16937179497962856	0.04671440758261522	0.027619994559268096	-0.008148585188344399	32
0.065	-0.17121948187098257	0.04917491924230979	0.030292587471234467	-0.00933372023732175	32
0.07	-0.17309997554080944	0.05167255546787688	0.03302915434404945	-0.010607212337983972	32
0.075	-0.17501457370482731	0.054209454443816266	0.03583148072840704	-0.01197187061707933	32
0.08	-0.17696462017455936	0.05678783487708725	0.03870144525456331	-0.013430679060574591	32
0.085	-0.17895149716754055	0.05940999058218852	0.041641021614389775	-0.01498680365573071	31
0.09	-0.18097666338258284	0.06207834093741292	0.04465229103186018	-0.016643613427531317	31
0.095	-0.18304160522347943	0.06479537017874915	0.04773743582785492	-0.018404676267187014	31
0.1	-0.18514787576066133	0.06756368212316236	0.05089875249896121	-0.020273782290576976	31
0.105	-0.1872970866098393	0.07038599291158398	0.05413865483363367	-0.02225495379892803	31
0.11	-0.18949091533649665	0.07326514143635106	0.05745968105337303	-0.024352460397791542	31
0.115	-0.19173110063243043	0.07620408321940342	0.0608644978188551	-0.026570829866015284	30
0.12	-0.19401947071406087	0.07920595447309017	0.06435591437699688	-0.028914882747036165	30
0.125	-0.19635791282948023	0.08227400171494413	0.06793687991283465	-0.03138972510348355	30
0.13	-0.19874840267150098	0.0854116442102148	0.07161049897530643	-0.034000784665961806	30
0.135	-0.20119300018985756	0.08862247646753248	0.07538003718117706	-0.03675382966663422	30
0.14	-0.20369385832899808	0.09191027685396658	0.07924893188230742	-0.03965499098183094	30
0.145	-0.20625322657269074	0.09527902242143768	0.08322080133389147	-0.04271078793800945	30
0.15	-0.208873456975774	0.09873288992066384	0.08729945567838776	-0.045928150137566986	29
0.155	-0.2115570136270157	0.10227633128909425	0.09148890874774271	-0.049314472877276125	29
0.16	-0.21430647621964308	0.10591400106737983	0.09579339061403028	-0.0528776122849098	29
0.165	-0.21712454930882624	0.10965083324067451	0.10021736087918721	-0.056625945181396485	29
0.17	-0.22001406827486153	0.11349205036259044	0.10476552225282518	-0.06056840357445235	29
0.17500000000000002	-0.2229780118416749	0.1174431839171402	0.109442838147356	-0.0647145166728375	29
0.18	-0.22601950789315395	0.12151009944328169	0.11425454777944907	-0.06907445792896305	29
0.185	-0.2291418511004326	0.1256990072004757	0.119206188850563	-0.07365908795550938	28
0.19	-0.23234848977508127	0.1300165579442359	0.12430360265405765	-0.0784800455752385	28
0.195	-0.2356430728361225	0.13446977279018615	0.12955297686555625	-0.0835497566800005	28
0.2	-0.23902943862637746	0.13906614944044762	0.1349608540453331	-0.08888153884917369	28
0.20500000000000002	-0.24251163546296312	0.14381368076010814	0.14053416107385303	-0.09448966603034176	28
0.21	-0.24609393528987716	0.14872090131116594	0.14628023532666007	-0.10038945339997263	28
0.215	-0.2497808500141684	0.153796929660896	0.15220685464658612	-0.10659734605661378	28
0.22	-0.2535771483765171	0.15905152523606467	0.1583222687010972	-0.1131310229895994	28
0.225	-0.25748789175449927	0.16449512980946113	0.16463524584668135	-0.12000949947513766	27
0.23	-0.2615183932714241	0.1701389885525624	0.17115506822016463	-0.12725328694613633	27
0.23500000000000001	-0.2656743292656169	0.1759951352374559	0.17789163504766242	-0.13488447876088033	27
0.24	-0.269961705257169	0.1820765300400199	0.1848554675939365	-0.14292694090285396	27
0.245	-0.274386897712857	0.18839713225263366	0.19205776877280217	-0.15140647489440767	27
0.25	-0.2789566809902785	0.1949719991460186	0.19951047600605404	-0.1603510111541936	27
0.255	-0.28367826313878663	0.20181739881984065	0.20722632312412875	-0.1697908274079919	27
0.26	-0.28855931690907405	0.2089509292800532	0.21521890282969702	-0.17975878820373642	27
0.265	-0.2936080208095126	0.216391663084187	0.22350273992357164	-0.1902906228778697	27
0.27	-0.2988331251223304	0.2241602960733926	0.23209339023043715	-0.20142522956364953	26
0.275	-0.3042438999416093	0.23227934931019933	0.24100744535257212	-0.21320503900169752	26
0.28	-0.3098503350842146	0.24077333411439966	0.2502627511965984	-0.22567639052543761	26
0.28500000000000003	-0.3156630993397226	0.24966900656480567	0.25987843394025373	-0.23888999895447163	26
0.29	-0.3216936253871605	0.25899561838391283	0.2698750350829068	-0.25290146238127487	26
0.295	-0.32795418315951985	0.26878521693228835	0.28027464478072106	-0.26777185326275166	26
0.3	-0.3344579543867529	0.27907298788143553	0.29110104344232873	-0.28356839496270925	26
0.305	-0.3412191251878899	0.28989764071386204	0.3023798685360676	-0.3003652331651418	26
0.31	-0.3482529776488529	0.3013018661517572	0.3141387897851228	-0.3182443378278212	26
0.315	-0.35557599909776166	0.3133328550086434	0.32640771052452344	-0.33729653806655485	26
0.32	-0.36320603721805944	0.326042918289466	0.3392190258206153	-0.3576227461059731	25
0.325	-0.37116231860580284	0.3394901384863718	0.35260776136820166	-0.37933530078015076	25
0.33	-0.37946577753551514	0.35373927700574376	0.36661202544755134	-0.402559711871103	25
0.335	-0.3881391148683387	0.36886269240308406	0.38127321951281046	-0.4274365397335598	25
0.34	-0.3972070300937731	0.3849414962083461	0.3966364344618503	-0.4541237012606083	25
0.34500000000000003	-0.40669643738462846	0.40206690991914096	0.41275085250804233	-0.4827991903413831	25
0.35000000000000003	-0.41663673405458973	0.4203418804581154	0.42967022793312715	-0.5136643244830861	25
0.355	-0.42706008544460694	0.43988301750692926	0.44745340974740033	-0.5469476391730126	25
0.36	-0.4380017648408645	0.46082291890363014	0.46616495413513453	-0.5829095777721325	25
0.365	-0.4495005440397126	0.4833129911519964	0.4858758247048264	-0.6218481851532663	25
0.37	-0.4615991287937792	0.5075268920666723	0.506664177248175	-0.6641060626885431	25
0.375	-0.47434468208691877	0.5336647378418566	0.5286162870990087	-0.7100788994957152	25
0.38	-0.48778941507062834	0.561958326356515	0.5518275949132266	-0.7602260599961324	25
0.385	-0.5019912675534717	0.5926776196090806	0.5764039067395044	-0.8150837674494594	25
0.39	-0.5170147198035117	0.6261389011669992	0.6024628005041534	-0.8752817139032361	25
0.395	-0.5329316998476246	0.6627151125302335	0.630135196078031	-0.9415641448296439	25
0.4	-0.5498226496474639	0.7028491532685364	0.6595671628572479	-1.0148169978793746	24
0.405	-0.5677777797284254	0.7470707790720774	0.6909220374782198	-1.0961026722931793	24
0.41000000000000003	-0.5868984312247535	0.796019406928201	0.7243826218829521	-1.186706552727992	24
0.41500000000000004	-0.6072986757290366	0.8504736960394554	0.7601537366748918	-1.288197970667074	24
0.42	-0.6291070297768284	0.911391784997226	0.7984647890336639	-1.402512996550755	24
0.425	-0.6524682598891383	0.9799663040256684	0.8395722390086682	-1.5320679185366335	24
0.43	-0.6775451007650647	1.057701158031177	0.8837614766268127	-1.6799179032730804	24
0.435	-0.7045195548046028	1.1465208111584404	0.9313472446434263	-1.8499832944509305	25
0.44	-0.7335926778381789	1.2489300346411476	0.982670206701985	-2.0473807978472727	25
0.445	-0.7649822456207835	1.3682525788408775	1.0380875885645047	-2.2789197554266583	25
0.45	-0.7989139846901085	1.5090011689076621	1.097948711156206	-2.553872431547848	25