0.	Indeterminate	Indeterminate	0	0	11
0.005	-0.00387846071333923	0.05546040868439086	-7.252988277837957e-7	-1.0628800850169725e-6	30
0.01	-0.0038915523239599365	0.055459963398848296	-2.9001460846376873e-6	-4.252394760227717e-6	30
0.015	-0.003913380466021729	0.055459213120555614	-6.521385636914007e-6	-9.57117142717896e-6	30
0.02	-0.003943958938429085	0.05545814327205294	-0.000011583756585789103	-0.000017023580119571893	30
0.025	-0.003983305971619406	0.055456735148956764	-0.00001807986494261414	-0.000026615742031520324	30
0.03	-0.00403144652105651	0.05545496454626364	-0.00002600016920956792	-0.00003835551962178897	30
0.035	-0.004088409597324948	0.05545280122451603	-0.00003533294680879916	-0.00005225251903602214	30
0.04	-0.004154230571422691	0.05545020902383348	-0.00004606426464564932	-0.00006831807856550159	30
0.045	-0.004228950332251261	0.055447146764394016	-0.00005817793108365413	-0.00008656527186319211	30
0.05	-0.004312614715809706	0.055443566410965595	-0.00007165545215058198	-0.00010700889294990563	30
0.055	-0.004405275260226715	0.0554394146883176	-0.00008647597489839098	-0.00012966545394306554	30
0.06	-0.004506989542460509	0.055434631264363994	-0.00010261622220804764	-0.00015455317316252418	30
0.065	-0.004617820472266145	0.055429149908732586	-0.00012005042513573441	-0.0001816919663086982	30
0.07	-0.004737836645730572	0.05542289752888923	-0.00013875024655648295	-0.0002111034278768159	30
0.075	-0.004867112564583947	0.05541579378742815	-0.00015868468764470702	-0.00024281082499091774	30
0.08	-0.005005728623949055	0.05540775130209883	-0.00017982000308198415	-0.00027683907217553483	30
0.085	-0.005153770870325124	0.055398675793245165	-0.00020211959534513035	-0.00031321471781921154	30
0.09	-0.005311331722674459	0.055388464161969325	-0.0002255438959491066	-0.00035196591436363215	30
0.095	-0.005478508924774852	0.05537700600552129	-0.00025005026037675594	-0.0003931223950565086	30
0.1	-0.005655407252580718	0.05536418177248703	-0.0002755928179154565	-0.0004367154422476983	30
0.105	-0.005842136793763107	0.055349863306966444	-0.00030212234767828	-0.00048277785378326885	30
0.11	-0.00603881470625668	0.05533391286585266	-0.00032958611121990165	-0.000531343905211087	30
0.115	-0.006245563953701383	0.05531618279533083	-0.0003579277025565894	-0.0005824492948607326	30
0.12	-0.006462514075567742	0.05529651563948264	-0.00038708687047637433	-0.0006361311030094759	30
0.125	-0.006689801224406746	0.05527474194260009	-0.0004169993184688263	-0.0006924277264954944	30
0.13	-0.006927568026095071	0.055250681408026116	-0.0004475965208277662	-0.0007513788107823765	30
0.135	-0.007175963827669232	0.055224140828332366	-0.00047880549168979414	-0.000813025172102209	30
0.14	-0.00743514493311116	0.055194914917428485	-0.0005105485678541652	-0.0008774087347221016	30
0.145	-0.007705273720075175	0.05516278376940469	-0.0005427431598830398	-0.0009445723850459392	30
0.15	-0.007986520022744687	0.05512751341383169	-0.0005753014865924011	-0.0010145599126903625	30
0.155	-0.00827906447024368	0.05508885255192566	-0.0006081302026396027	-0.0010874158806988604	31
0.16	-0.008583083464009694	0.05504653815804757	-0.0006411304477782943	-0.0011631854105452436	31
0.165	-0.008898770339828225	0.05500028508208308	-0.0006741970503061769	-0.001241914126774412	31
0.17	-0.009226323543983514	0.05494979060842899	-0.0007072184524273287	-0.0013236479427479323	31
0.175	-0.009565947000229828	0.05489473261019672	-0.0007400763467515543	-0.0014084328351107061	31
0.18	-0.009917852578965264	0.05483476744751051	-0.0007726452303212387	-0.0014963146548827922	31
0.185	-0.010282258245020867	0.054769529125563265	-0.0008047920446410945	-0.0015873388526066105	31
0.19	-0.01065938927966607	0.05469862637344617	-0.0008363756821650702	-0.0016815501979610872	31
0.195	-0.011049477029236025	0.0546216434608262	-0.0008672466085770858	-0.0017789924774859994	31
0.2	-0.011452759766584933	0.05453813508151713	-0.000897246267336011	-0.0018797081058957432	31
0.205	-0.011869481722697577	0.05444762783548502	-0.0009262066594344815	-0.0019837377772710615	31
0.21	-0.012299892683895624	0.05434961458849324	-0.0009539497104430409	-0.0020911199280597807	31
0.215	-0.012744248494081142	0.0542435553582285	-0.0009802867358017367	-0.002201890338709999	31
0.22	-0.013202809512122172	0.05412887209747583	-0.0010050177813375443	-0.002316081470424896	31
0.225	-0.013675840357702597	0.05400494774917751	-0.00102793100571153	-0.002433721866740967	31
0.23	-0.014163609526832958	0.05387112245276413	-0.0010488019467180104	-0.002554835459835543	31
0.235	-0.01466639200050452	0.05372668840750832	-0.0010673925875174387	-0.002679440754569521	32
0.24	-0.015184453078450733	0.05357089302714969	-0.0010834513993967431	-0.0028075497579820034	32
0.245	-0.015718069489088615	0.05340292542568528	-0.0010967113305844298	-0.002939167242083869	32
0.25	-0.01626751333236643	0.053221918270577886	-0.0011068897108152855	-0.0030742894040506367	32
0.255	-0.016833054117745994	0.053026942524390386	-0.0011136871939908192	-0.003212902649189235	32
0.26	-0.017414955819221943	0.05281700025140358	-0.0011167867660698899	-0.0033549820448814556	32
0.265	-0.01801347564350751	0.052591022165477945	-0.0011158528393421718	-0.0035004898356568322	32
0.27	-0.01862885957932167	0.052347857437358994	-0.0011105301386253718	-0.0036493733575769143	32
0.275	-0.019261344792439777	0.05208627007117196	-0.0011004424622620072	-0.0038015633130722326	33
0.28	-0.019911137834667386	0.05180493354867612	-0.0010851926805508358	-0.003956970819777784	33
0.285	-0.020578434902767603	0.05150241664587272	-0.0010643599976063564	-0.004115485394305765	33
0.29	-0.021263399407913622	0.05117717926809601	-0.0010374999777598508	-0.004276971531860492	33
0.295	-0.021966160304707272	0.05082756173190365	-0.0010041431438097166	-0.004441265416909632	33
0.3	-0.022686806847841464	0.05045177345573918	-0.0009637937086579668	-0.004608171119743744	34
0.305	-0.023425365574031062	0.050047885733742456	-0.0009159297505451928	-0.004777455825494518	34
0.31	-0.02418181116564509	0.049613811580769364	-0.0008600004794619342	-0.004948845409463804	34
0.315	-0.024956038067929225	0.0491472978751287	-0.0007954268377532428	-0.005122018403451854	34
0.32	-0.025747849772388413	0.04864590744629062	-0.0007216005198854	-0.0052965995795299665	34
0.325	-0.026556944538345728	0.04810700456876355	-0.0006378835267768759	-0.005472152971485953	35
0.33	-0.027382878156438126	0.047527736590134484	-0.0005436095519912733	-0.005648172611860057	35
0.335	-0.028225062076257454	0.04690501243564628	-0.0004380826350577436	-0.005824074158333984	35
0.34	-0.02908272062397789	0.04623548366933734	-0.00032057956636790384	-0.00599918351355743	36
0.345	-0.029954844446331425	0.045515522823429716	-0.000190353146857647	-0.006172723855604339	36
0.35	-0.03084016882305413	0.04474119599472189	-0.00004663348404797068	-0.006343802496522825	36
0.355	-0.031737112813588486	0.0439082406887303	0.00011136614482060766	-0.006511394491330951	37
0.36	-0.032643702658239265	0.04301203764143446	0.00028444107992279405	-0.00667432302928593	37
0.365	-0.0335575227965778	0.04204758385471714	0.00047338833421542654	-0.006831240131304643	37
0.37	-0.03447561364658913	0.041009468255924456	0.0006789925752330087	-0.006980602088225727	38
0.375	-0.03539435042193803	0.03989184405273836	0.0009020079366970763	-0.007120641038757356	38
0.38	-0.03630934091628874	0.038688410629443795	0.0011431383912900695	-0.007249336634518934	39
0.385	-0.03721523294948261	0.037392396083707646	0.0014030046240391138	-0.00736437852923214	39
0.39	-0.0381055550722445	0.03599655949692259	0.0016821084270613811	-0.007463130933079103	40
0.395	-0.038972451010804654	0.034493199627898416	0.0019807785143473723	-0.0075425868523512464	41
0.4	-0.03980640846574901	0.03287419775424187	0.002299105211112392	-0.007599323019702325	41
0.405	-0.04059592296349417	0.031131107974256878	0.0026368539553882717	-0.007629453046077675	42
0.41	-0.041327052474271375	0.029255288197563168	0.002993349419120981	-0.007628574597497176	43
0.415	-0.041982924702194724	0.027238138377206816	0.0033673287276824323	-0.007591725518367056	44
0.42	-0.04254312281348268	0.025071467344118317	0.003756747808167334	-0.007513347998781275	45
0.425	-0.04298296461773235	0.022748039177187505	0.004158532592341039	-0.007387272625030444	46
0.43	-0.04327266464475893	0.020262415570727034	0.004568256076505063	-0.0072067437456035145	47
0.435	-0.04337640078873695	0.017612182942507867	0.004979728298937294	-0.006964510941719857	48
0.44	-0.04325134773926169	0.014799771524988108	0.005384480403910952	-0.0066530382222469864	50
0.445	-0.042846791688656016	0.011835062015847414	0.0057711335606880545	-0.006264894837477065	51
0.45	-0.042103659910134886	0.008739136275509853	0.006124666143172952	-0.005793450855799747	53
0.455	-0.04095494483881043	0.005549421740324762	0.006425637421175521	-0.0052340152770626374	56
0.46	-0.03932805494722129	0.0023265356084876676	0.0066495346372860906	-0.004585639416695526	59
0.465	-0.03715065668631029	-0.0008374068217981458	0.006766602329234475	-0.0038537911932218245	62
0.47	-0.03436223966905948	-0.0038104343797981596	0.006742831242474223	-0.0030539687143267386	66
0.475	-0.030933381871988037	-0.0064162423172976005	0.006543119215333595	-0.0022157840545157653	72
0.48	-0.026890954410865343	-0.008441174558406027	0.006137423780264815	-0.0013857849598816014	80
0.485	-0.02233604609427185	-0.009659687681833791	0.005508404723253927	-0.0006257709483998967	92
0.49	-0.017423380853099506	-0.00986426457671056	0.004652553909137961	-5.1387536318364246e-6	108
0.495	-0.012253224547446281	-0.008819848004526655	0.0035541679742154275	0.0004024199001495814	137