0.	-0.21216754801314328	0.1639380095458473	0	0	11
0.005	-0.21184705274747417	0.16255270238316727	-0.0028225220646045284	0.0021589761018307044	30
0.01	-0.2115813640791384	0.16113805273832277	-0.005633747935249238	0.004263682682835248	30
0.015	-0.21133924349799307	0.15975795183288022	-0.008434617531136418	0.006315846742790803	30
0.02	-0.21112057389482175	0.1584115051059896	-0.011226061859838422	0.008317126357532591	30
0.025	-0.21092527696287308	0.15709785976751187	-0.01400900556355933	0.010269114283339846	31
0.03	-0.21075323420009764	0.15581619355913695	-0.016784363220733053	0.012173340653645106	31
0.035	-0.2106044029428626	0.1545657271732862	-0.01955304737724364	0.014031276836288244	31
0.04	-0.21047873983944548	0.15334571383738196	-0.022315965455681604	0.015844337871354267	31
0.045	-0.21037621966919798	0.15215544033930456	-0.02507402194561052	0.017613885357987077	31
0.05	-0.21029683528619053	0.1509942258523531	-0.027828119509619276	0.01934123010015664	31
0.055	-0.21024059847682436	0.1498614197488905	-0.030579160290287045	0.0210276344425391	31
0.06	-0.2102075591013685	0.14875640256056438	-0.03332805012603967	0.022674314847040876	32
0.065	-0.21019772688175564	0.14767858296531206	-0.03607568772026729	0.024282444080169777	32
0.07	-0.21021118813524534	0.1466273966348881	-0.0388229833240318	0.025853152950731928	32
0.075	-0.2102480298498475	0.1456023069259409	-0.04157084882768058	0.027387532765591707	32
0.08	-0.21030835762621508	0.14460280322691124	-0.04432020150501597	0.028886637084897367	32
0.085	-0.2103922975130722	0.14362840024332696	-0.047071965569128106	0.03035148354222724	32
0.09	-0.21050001563038973	0.14267863531943561	-0.04982707803645217	0.03178305500353831	33
0.095	-0.21063163954513422	0.14175307700695403	-0.05258647198036991	0.03318230385466693	33
0.1	-0.21078737566372666	0.1408513090241955	-0.05535110425668517	0.034550149350134146	33
0.105	-0.21096743380513183	0.13997294073223976	-0.058121940123822345	0.03588748204223817	33
0.11	-0.21117204523859529	0.1391176051491587	-0.06089995851773692	0.037195164895942184	33
0.115	-0.21140148416427842	0.13828495153791975	-0.06368615961928983	0.03847403247928247	34
0.12	-0.2116559918384061	0.13747466539385725	-0.06648154444930085	0.03972489901090861	34
0.125	-0.2119358891865105	0.13668643860018395	-0.06928714840737171	0.04094854998957568	34
0.13	-0.21224150444371626	0.13591998941789007	-0.07210402242117914	0.04214574998529221	34
0.135	-0.21257319262572047	0.13517505691224926	-0.07493323999370383	0.04331724215364918	34
0.14	-0.21293135563738017	0.134451395511478	-0.07777590590752757	0.04446374723333211	35
0.145	-0.21331636717075098	0.13374879753791052	-0.08063313176822377	0.0455859738545	35
0.15	-0.21372868609130985	0.1330670578912583	-0.08350607681008437	0.046684605637616804	35
0.155	-0.2141687846651788	0.1324059981647453	-0.08639592531331078	0.04776031171740413	35
0.16	-0.21463716797950477	0.1317654609341097	-0.08930389510042919	0.04881374559904152	35
0.165	-0.21513439507985468	0.13114530346852837	-0.09223124818222002	0.04984554313456461	36
0.17	-0.21566100381686376	0.13054542322711946	-0.09517926237712387	0.05085633567091221	36
0.175	-0.2162176256110707	0.1299657190664476	-0.09814927965517786	0.05184673269234813	36
0.18	-0.2168049142588947	0.12940611826431384	-0.101142680138405	0.052817335246836225	36
0.185	-0.21742358523312016	0.12886656350197714	-0.10416090129477464	0.053768730267374276	37
0.19	-0.21807434202550785	0.1283470419458471	-0.10720540741038974	0.05470150684819317	37
0.195	-0.21875799001004595	0.1278475408533767	-0.11027774309241933	0.05561623376088831	37
0.2	-0.2194753678302882	0.12736807958457527	-0.11337950592097437	0.056513476675673455	37
0.205	-0.2202273868100874	0.12690869491535742	-0.11651236806926896	0.05739379074717071	38
0.21	-0.22101495736634139	0.12646947136849568	-0.11967804319580477	0.05825773923766622	38
0.215	-0.22183910604126383	0.12605049688884667	-0.12287834734775009	0.05910586812695405	38
0.22	-0.2227009250566024	0.1256518870025959	-0.12611517898190577	0.05993872016274402	39
0.225	-0.22360152042041284	0.12527381124666592	-0.1293904950034298	0.06075685232526015	39
0.23	-0.22454212460731598	0.12491644305091616	-0.1327063736893784	0.06156080533897081	39
0.235	-0.2255240510502933	0.12457998888484702	-0.1360649966955314	0.062351121249825586	40
0.24	-0.2265486435485871	0.12426471469970748	-0.13946862508361296	0.06312836205417063	40
0.245	-0.22761738873834392	0.12397089497634724	-0.14291966667252642	0.06389307637011232	40
0.25	-0.22873185490493225	0.12369885080957015	-0.14642064839832697	0.06464582446068022	40
0.255	-0.22989373726989495	0.12344893714310227	-0.1499742487414662	0.06538716921861694	41
0.26	-0.23110478339680954	0.1232215738761609	-0.15358325922708807	0.0661177000474152	41
0.265	-0.23236694367483765	0.12301719501924749	-0.15725068235447817	0.06683799406914798	42
0.27	-0.23368222587228896	0.12283631736147643	-0.16097965102122536	0.06754866776680438	42
0.275	-0.2350528373755396	0.12267948413759555	-0.1647735242387491	0.06825033409103096	42
0.28	-0.2364811483854894	0.12254729856389042	-0.16863587530944535	0.06894362612113199	43
0.285	-0.23796963857444964	0.12244044713223189	-0.1725704657601868	0.06962921727453734	43
0.29	-0.2395210565800821	0.12235965330843761	-0.1765813611791246	0.07030778076274359	44
0.295	-0.24113827661713297	0.12230574453617918	-0.18067284824983398	0.07098004521819282	44
0.3	-0.2428244562621354	0.12227960314590541	-0.18484955363565042	0.07164675124012505	44
0.305	-0.24458300659827678	0.12228220371991019	-0.189116440534936	0.07230867961701783	45
0.31	-0.24641754203505217	0.12231463131522344	-0.19347878713185954	0.07296666955807357	45
0.315	-0.24833206870869404	0.12237805512600781	-0.197942339586614	0.0736215863354646	46
0.32	-0.25033083461135064	0.12247378072864747	-0.20251322281593298	0.07427437186567622	46
0.325	-0.25241854976472927	0.12260322410125143	-0.20719812466098858	0.07492600907112984	47
0.33	-0.25460026483643355	0.12276795622655634	-0.2120042295817526	0.07557756600797955	48
0.335	-0.25688149164022056	0.12296970926027914	-0.21693933576797905	0.07623019241845219	48
0.34	-0.25926832252250376	0.12321037923275656	-0.22201197906209164	0.07688511187276041	49
0.345	-0.26176733435064165	0.1234920770466505	-0.2272313912869157	0.0775436717177615	49
0.35	-0.264385848889498	0.12381712925540525	-0.23260774612023966	0.07820732158078	50
0.355	-0.26713184902573084	0.12418812090881144	-0.23815213455091477	0.07887765658975011	51
0.36	-0.27001415172110343	0.1246079244173312	-0.24387675418399044	0.07955642666738291	51
0.365	-0.27304259889289906	0.12507974486032475	-0.24979512715765165	0.08024555656355128	52
0.37	-0.27622804418332547	0.12560716017170473	-0.2559221512200398	0.080947182343075	53
0.375	-0.2795826179645511	0.1261941847582836	-0.2622744003296795	0.08166368058221456	54
0.38	-0.2831198959333836	0.1268453347921801	-0.26887035647951735	0.08239770851729415	55
0.385	-0.2868551343799285	0.12756571093055852	-0.2757307160301458	0.08315225300290595	56
0.39	-0.2908055527467285	0.12836109849405994	-0.28287875755610264	0.08393069008624043	57
0.395	-0.29499068167956677	0.12923808805571685	-0.2903407929658929	0.08473685594221711	58
0.4	-0.29943278793398187	0.1302042266207208	-0.29814671823898176	0.0855751372197715	59
0.405	-0.30415740414489434	0.13126820406200979	-0.3063306979889531	0.0864505819807776	60
0.41	-0.3091940170136238	0.13244010607543522	-0.31493204747485687	0.08736905443713285	62
0.415	-0.3145768135004498	0.13373164773318036	-0.32399621595898925	0.08833736391733805	63
0.42	-0.3203459295085871	0.1351566698538805	-0.3335763507962474	0.08936358227675475	65
0.425	-0.3265486720203632	0.13673150419606023	-0.3437349034867493	0.09045723868202957	66
0.43	-0.3332415566899265	0.13847579205574556	-0.35454620237362133	0.09162984924788939	68
0.435	-0.34049266173084425	0.14041323166187406	-0.3660994773781125	0.09289533517273904	70
0.44	-0.3483851539765492	0.14257292585609982	-0.3785033359008341	0.0942708756759434	73
0.445	-0.3570220260528941	0.14499096782691748	-0.3918917730056621	0.09577782938799653	75
0.45	-0.36653310700949326	0.14771314721740603	-0.4064330570521264	0.0974434670751503	78
0.455	-0.37708524800212195	0.15079847791740703	-0.42234258437820565	0.09930307925541186	82
0.46	-0.38889815928581795	0.1543249354287936	-0.4399028169006883	0.10140351396125391	86
0.465	-0.4022698142668111	0.15839874976691462	-0.45949519805920697	0.10380895636392358	90
0.47	-0.4176195130179238	0.16317013287092003	-0.48165410086634364	0.10661071500985267	96
0.475	-0.43556646398079896	0.1688617530168617	-0.5071649133139542	0.1099448522096986	104
0.48	-0.45708674098226276	0.1758262218673172	-0.5372594385584267	0.11402810566006433	114
0.485	-0.48387010590250323	0.18467740663325938	-0.5740586853226799	0.1192403414818655	129
0.49	-0.5193111223001807	0.19665453243718414	-0.6217982839071708	0.12635264920804828	153
0.495	Undefined	Undefined	Undefined	Undefined	200