0.	-0.10803969346345893	0.15950427597836928	0	0	11
0.005	-0.10848797710123857	0.16114924601114383	0.001446037123686454	-0.002154969822148597	30
0.01	-0.10899024318883238	0.16277053138727884	0.0029044943967614016	-0.004366082808955592	30
0.015	-0.10950550913667148	0.16442873216573456	0.0043758377497226195	-0.006635255415598044	30
0.02	-0.1100340526258003	0.1661249942561579	0.005860546107490056	-0.008964487671806928	30
0.025	-0.11057616265110781	0.16786051331627147	0.007359111998330977	-0.011355867736659263	30
0.03	-0.11113214212597436	0.16963653793894354	0.00887204239152346	-0.013811576790030007	30
0.035	-0.1117023062913102	0.17145437165137256	0.010399859366890377	-0.016333894177479	30
0.04	-0.11228698492308326	0.17331537689394821	0.01194310101554574	-0.018925203004363803	30
0.045	-0.11288650915201971	0.17522097134397324	0.013502320673279656	-0.02158799522300197	29
0.05	-0.11350126456046764	0.1771726565027842	0.015078093998135828	-0.024324880991627454	29
0.055	-0.11413161341994975	0.17917198322033986	0.016671010931812218	-0.02713859088490635	29
0.06	-0.11477794729750268	0.18122058124502913	0.018281682452991114	-0.030031986048100145	29
0.065	-0.11544067606778721	0.18332015699272483	0.019910740410622636	-0.033008065156596426	29
0.07	-0.11612022744309888	0.1854724976210899	0.02155883847209048	-0.03606997264815586	29
0.075	-0.11681704836100368	0.18767947620927466	0.02322665334169213	-0.039221007556909944	29
0.08	-0.11753159466036883	0.18994304579391624	0.024914883625465907	-0.04246463056403295	28
0.085	-0.11826437867358969	0.19226528764129144	0.026624261040026586	-0.045804483634153105	28
0.09	-0.11901589966774162	0.19464835272428255	0.02835553707510858	-0.0492443868495712	28
0.095	-0.11978669209123666	0.19709451033266961	0.030109494173207366	-0.05278835921056571	28
0.1	-0.12057731610920774	0.19960614552050682	0.031886945206099485	-0.05644062931546694	28
0.105	-0.12138835717852398	0.20218576497709753	0.03368873473187921	-0.06020564859349615	28
0.11	-0.12222042939202277	0.2048360053048106	0.03551574136974511	-0.06408810608950512	28
0.115	-0.12307417550128186	0.20755964110508568	0.03736887927811759	-0.06809294408712996	28
0.12	-0.12395026971223926	0.21035959394271406	0.03924910060822945	-0.0722253751346716	28
0.125	-0.12484941035234887	0.21323892813719847	0.04115739468519185	-0.07649089535527719	27
0.13	-0.12577235654454832	0.2162009192053905	0.04309480184760876	-0.0808953250265345	27
0.135	-0.126719878130344	0.21924897712938013	0.04506239902478188	-0.08544479902527367	27
0.14	-0.12769279317219434	0.22238671732066048	0.0470613139257776	-0.09014581064339353	27
0.145	-0.12869196099565622	0.2256179592798836	0.049092724889748515	-0.095005231733187	27
0.15	-0.1297182853195511	0.22894674183175215	0.0511578643209136	-0.10003034057438692	27
0.155	-0.13077271664451337	0.23237733694304832	0.053258021991043965	-0.10522885098399773	27
0.16	-0.13185625641556345	0.23591426931164491	0.05539454909888373	-0.11060894584849267	27
0.165	-0.13296995911802398	0.23956233184386544	0.05756886191019227	-0.11617931128677365	27
0.17	-0.13411493566246707	0.24332660819090932	0.05978244583322041	-0.12194917620836568	27
0.175	-0.13529235696418013	0.24721247443370753	0.062036860485309514	-0.12792834444377024	26
0.18	-0.1365034646006386	0.2512256994087916	0.06433374609430359	-0.13412727908409444	26
0.185	-0.1377495638968236	0.25537235672448944	0.06667482609894368	-0.14055709607421735	26
0.19	-0.13903203722332025	0.25965892954519343	0.06906191538637604	-0.14722965718690587	26
0.195	-0.14035234669057262	0.264092322475779	0.07149692599423617	-0.15415762122228732	26
0.2	-0.14171204064811221	0.26867989726122077	0.07398187432524385	-0.16135451129439055	26
0.205	-0.14311276018199226	0.27342950897055923	0.07651888916915921	-0.16883478763377913	26
0.21	-0.14455624595215796	0.2783495497391033	0.0791102198190886	-0.17661392959572728	26
0.215	-0.14604434557650733	0.2834489919475526	0.08175824535413558	-0.18470852368770757	26
0.22	-0.14757902222111663	0.2887374414919627	0.08446548462887252	-0.19313636384843752	26
0.225	-0.14916237393429765	0.29422517205532217	0.0872346150384743	-0.20191654719582766	25
0.23	-0.1507966062983782	0.2999232695863018	0.09006845666831208	-0.21106964856258223	25
0.235	-0.15248409771155333	0.3058435771394997	0.09297002614123122	-0.22061777621860734	25
0.24	-0.154227376373898	0.3119988549909222	0.09594252521123757	-0.23058477573538147	25
0.245	-0.15602914291881498	0.31840284428980553	0.09898936365495767	-0.2409963838323052	25
0.25	-0.15789228387226992	0.3250703623929176	0.10211417646773129	-0.2518804164575774	25
0.255	-0.15981989066475286	0.33201741035118515	0.10532084551502954	-0.26326697971572993	25
0.26	-0.1618152751484245	0.33926128920780374	0.10861351979492823	-0.2751887035437018	25
0.265	-0.1638819916782833	0.34682073669696567	0.11199664122796514	-0.28768100919396333	25
0.27	-0.1660238591286859	0.35471607595793486	0.11547497187845672	-0.30078240708311377	25
0.275	-0.16824498448415887	0.36296938605484336	0.11905362308243113	-0.31453483494020346	25
0.28	-0.17054979274710919	0.3716046931155927	0.12273809122469709	-0.32898404003351406	25
0.285	-0.17294305733766518	0.3806481890006977	0.12653429528371893	-0.3441800148726913	25
0.29	-0.17542995856114926	0.3901284648982261	0.13044864138270817	-0.3601774810865803	24
0.295	-0.17801602209453465	0.40007684150962225	0.13448797823687217	-0.37703649086170204	24
0.3	-0.1807073130017928	0.410527620862102	0.13865978821383584	-0.3948230214659533	24
0.305	-0.18351038602688996	0.42151850012889913	0.14297215801407814	-0.41360975053737886	24
0.31	-0.1864323616658466	0.43309098846956223	0.14743386553463156	-0.43347690713344406	24
0.315	-0.1894809876540214	0.4452908951865158	0.1520544556493292	-0.45451325872711174	24
0.32	-0.19266471032849447	0.4581688977478627	0.15684432815365218	-0.47681725997854063	24
0.325	-0.19599275126910848	0.4717812033139582	0.16181483296271915	-0.5004983907256141	24
0.33	-0.19947519266094157	0.48619031939362106	0.16697837631417028	-0.5256787186766169	24
0.335	-0.2031230777109891	0.501465959772913	0.17234854444377498	-0.5524947372829276	24
0.34	-0.20694852513994852	0.5176861081262224	0.17794024442255807	-0.5810995296964188	24
0.345	-0.21096484851568337	0.5349382788437588	0.18376985168902588	-0.6116653341735515	24
0.35	-0.215186707544855	0.5533210157139238	0.18985539363482767	-0.6443866000945062	24
0.355	-0.21963026332411106	0.5729456865877098	0.1962167375259456	-0.6794836473416584	24
0.36	-0.22431336363182794	0.593938636278834	0.20287581180678038	-0.717207067800352	24
0.365	-0.2292557851037867	0.616443824093697	0.20985688781329814	-0.7578430986820743	23
0.37	-0.23447932741552277	0.6406258901435324	0.2171866933725806	-0.8017199814617566	23
0.375	-0.24000828136110935	0.6666742109487231	0.22489493078385608	-0.8492161572209463	23
0.38	-0.24586958529553463	0.6948076135925612	0.23301443698430338	-0.9007700122934756	23
0.385	-0.25209317741947557	0.7252803924368202	0.24158153576465538	-0.9568922209824725	23
0.39	-0.25871236400308434	0.7583898486670602	0.25063637268686123	-1.0181812438376023	23
0.395	-0.26576419015327446	0.7944858514029636	0.26022318981647585	-1.0853429995321229	23
0.4	-0.2732898473329388	0.833983098777992	0.2703905539484842	-1.1592161168083386	23
0.405	-0.28133507307884137	0.8773770035418308	0.28119143254560813	-1.2408046861169795	23
0.41	-0.2899505100510775	0.9252645499552814	0.29268300291648114	-1.3313212966692585	23
0.415	-0.2991919724783099	0.9783720343581042	0.3049260172307046	-1.4322443427513938	23
0.42	-0.30912048589398977	1.0375925345064434	0.3179833686402474	-1.5453955005545532	23
0.425	-0.3198019222681332	1.104037334929029	0.33191735052579324	-1.6730462008524556	23
0.43	-0.3313058825453517	1.1791078897153717	0.34678469061852757	-1.8180667870182106	23
0.435	-0.34370317746912565	1.2645985942459452	0.36262773808610593	-1.9841398225751958	23
0.44	-0.3570608973759509	1.3628470715712135	0.3794591942009088	-2.1760725020019964	24
0.445	-0.3714325712806933	1.4769604978994177	0.39723461289323103	-2.4002676051148226	24
0.45	-0.38684038923731606	1.6111659983784365	0.4158047589328492	-2.6654543673032904	24
0.455	-0.40324041020013834	1.771376022159578	0.43482720542708964	-2.983869244198882	24
0.46	-0.42045515616750084	1.9661399144837515	0.45360035168805646	-3.37324738009225	24
0.465	-0.4380372394706572	2.208335616985822	0.4707363073256601	-3.86037022735132	25
0.47	-0.4549769274148324	2.5183861607859384	0.4834748910007698	-4.487825532153993	25
0.475	-0.4690308316519245	2.9309260612472348	0.48613491797917696	-5.3280515984880985	26
0.48	-0.4749987105053166	3.5103067974886706	0.4661997345267026	-6.516086615356259	27
0.485	-0.45956886204795344	4.393062969412842	0.39275819293696346	-8.339513862688241	28
0.49	-0.38149059731399504	5.9380411991385085	0.17257916575150034	-11.557420165174257	30
0.495	-0.04700900633246441	9.588687546199344	-0.6224383829790039	-19.238768746707837	35