0.	-0.2705750815353054	0.04246872562438681	0	0	30
0.005	-0.27062764894273983	0.0435547111467324	0.0018089193811481237	-0.000295515371736359	30
0.01	-0.2707251696189268	0.04464431503578378	0.003628595921823164	-0.000615971976209711	30
0.015	-0.27086792329614334	0.04573810952784273	0.0054599237227637215	-0.0009616295281948913	30
0.02	-0.2710562345496349	0.04683667278087946	0.00730381809376524	-0.0013327741469529085	30
0.025	-0.2712904737986358	0.047940589348439845	0.009161217245896938	-0.0017297190179155345	30
0.03	-0.27157105811696003	0.04905045131296947	0.011033084070947208	-0.002152805122884406	30
0.035	-0.27189845236940724	0.05016685921418858	0.012920408002389644	-0.002602402030870494	30
0.04	-0.2722731702978755	0.05129042285561063	0.014824206964447386	-0.0030789087663488928	30
0.045	-0.2726957761268773	0.05242176245307971	0.016745529447466097	-0.0035827547491541897	30
0.05	-0.27316688577938647	0.05356150953562899	0.018685456621319062	-0.004114400821195509	30
0.055	-0.27368715111565706	0.05471031734255402	0.020645103290137128	-0.004674341018215528	29
0.06	-0.274257332780709	0.05586882488551467	0.022625625631382842	-0.005263101167387583	29
0.065	-0.27487819462083535	0.057037713766217545	0.024628215845832774	-0.005881244013465477	29
0.07	-0.2755505782844685	0.058217672012146345	0.026654110011652687	-0.006529368091963798	29
0.075	-0.27627538702673915	0.05940940487179703	0.02870458969235947	-0.0072081098731549414	29
0.08	-0.2770535885337309	0.06061363592023086	0.0307809849411853	-0.007918145347653387	29
0.085	-0.2778862174461715	0.061831108403745935	0.032884677524887565	-0.00866019176447475	29
0.09	-0.2787743785935383	0.06306258677578722	0.035017104395754714	-0.00943500950296535	29
0.095	-0.2797192499233943	0.0643088582392134	0.037179761308031335	-0.010243404087946936	29
0.1	-0.2807220865221267	0.06557073413189639	0.03937420679852992	-0.011086228309070946	29
0.105	-0.2817842236879509	0.06684905166523282	0.041602066259977304	-0.011964384534620528	29
0.11	-0.2829070816653895	0.06814467561468586	0.04386503651090584	-0.01287882718526943	29
0.115	-0.2840921697932323	0.06945850044052182	0.04616489058514558	-0.013830565436853836	29
0.12	-0.2853410911633047	0.0707914516969458	0.04850348281948037	-0.014820665968693598	29
0.125	-0.28665554812405036	0.07214448863903689	0.05088275445930691	-0.015850256154977923	29
0.13	-0.2880373475049267	0.07351860615629068	0.05330473949830867	-0.01692052725852297	29
0.135	-0.28948840699719114	0.07491483709004348	0.05577157122077959	-0.01803273801818716	29
0.14	-0.29101076141806675	0.07633425473549069	0.05828548893022066	-0.01918821840034858	29
0.145	-0.2926065487267502	0.07777797332497485	0.06084884108054938	-0.020388372998420813	28
0.15	-0.29427810318114767	0.07924715943786856	0.06346411103974539	-0.0216346883192747	28
0.155	-0.29602783480435474	0.08074302247918813	0.0661338991861138	-0.02292873326321818	28
0.16	-0.297858324552002	0.08226682571891461	0.0688609499799809	-0.024272166927213085	28
0.165	-0.29977231290317385	0.08381988835802853	0.07164815788833491	-0.02566674359229422	28
0.17	-0.3017727097911838	0.08540358828329381	0.0744985782663732	-0.027114318392020803	28
0.17500000000000002	-0.30386260687327227	0.08701936705778554	0.07741543950925216	-0.028616853974300836	28
0.18	-0.3060452900255046	0.08866873319495629	0.08040215626104324	-0.030176427218325728	28
0.185	-0.3083242525323506	0.090353267031962	0.08346234343297909	-0.03179523671829202	28
0.19	-0.31070321084025676	0.09207462573705039	0.0865998319774443	-0.03347561094001801	28
0.195	-0.3131861206753094	0.09383454855718328	0.08981868592180392	-0.035220016981803465	28
0.2	-0.3157771945343888	0.09563486182275621	0.0931232207332099	-0.037031069796519	28
0.20500000000000002	-0.3184809221861244	0.09747748567766008	0.0965180240860953	-0.038911542747181324	28
0.21	-0.3213020912068415	0.09936444028666241	0.1000079778439458	-0.04086437855574694	28
0.215	-0.32424581123237317	0.1012978531614043	0.10359828283539639	-0.0428927015556871	28
0.22	-0.3273175394559681	0.103279965910196	0.10729448584111347	-0.04499983054413227	28
0.225	-0.3305231096171972	0.10531314373068253	0.11110250939951537	-0.047189293526954224	28
0.23	-0.3338687631016067	0.10739988333116864	0.11502868465980859	-0.04946484297771696	28
0.23500000000000001	-0.3373611835996171	0.10954282278794522	0.11907978760622234	-0.05183047292374375	28
0.24	-0.3410075358569579	0.11174475205055932	0.1232630795534781	-0.054290437555575374	28
0.245	-0.3448155079539613	0.11400862476946262	0.1275863515858379	-0.05684927169185734	28
0.25	-0.34879335820232266	0.11633756939078847	0.13205797417630782	-0.05951181252572427	28
0.255	-0.35294996851745786	0.11873490391695432	0.13668695266352252	-0.06228322452417451	28
0.26	-0.35729490168523625	0.12120414959826804	0.14148298869704912	-0.06516902578638999	28
0.265	-0.36183846742719866	0.12374904698041783	0.1464565491494683	-0.06817511733251704	28
0.27	-0.3665917944265419	0.12637357338557226	0.15161894326378555	-0.07130781551645916	28
0.275	-0.3715669127869089	0.12908196128572585	0.15698240967780042	-0.07457388730823003	28
0.28	-0.3767768455550263	0.13187871981807903	0.16256021349545766	-0.07798058970800756	28
0.28500000000000003	-0.38223571142678503	0.1347686558465434	0.168366756713311	-0.08153571244196223	28
0.29	-0.38795884152186366	0.13775689986265277	0.1744177020609064	-0.08524762608934192	28
0.295	-0.3939629113045924	0.14084893183912828	0.18073011453784954	-0.08912533456334404	28
0.3	-0.4002660899527296	0.14405061136124475	0.18732262157584548	-0.09317853402365436	28
0.305	-0.4068882098083654	0.14736820854974172	0.1942155953269454	-0.09741767702025697	28
0.31	-0.4138509603785336	0.15080844088195267	0.20143136145215046	-0.10185404552394378	28
0.315	-0.42117811089854595	0.1543785092295492	0.2089944392065437	-0.10649983009321129	28
0.32	-0.4288957635409045	0.15808614186137543	0.21693181596353356	-0.11136822013588801	28
0.325	-0.43703264719719137	0.16193963854782034	0.2252732652268476	-0.1164735026284133	28
0.33	-0.4456204558494291	0.1659479214429476	0.23405171466397778	-0.12183117397727616	28
0.335	-0.45469424188439955	0.17012058822462078	0.24330367404123354	-0.12745806367483448	28
0.34	-0.46429287246161294	0.17446797115547147	0.2530697341900814	-0.13337247348746095	28
0.34500000000000003	-0.47445956552781304	0.17900119966955041	0.2633951522234091	-0.13959433250949804	28
0.35000000000000003	-0.4852425168983424	0.18373226800430514	0.2743305401698063	-0.14614537130774188	28
0.355	-0.49669564186653803	0.18867410745775987	0.28593267889313073	-0.1530493169090165	28
0.36	-0.5088794541993348	0.19384065949665202	0.2982654861679883	-0.16033210953264287	28
0.365	-0.521862111966261	0.19924695481504606	0.3114011710444722	-0.1680221471771994	28
0.37	-0.5357206751286332	0.20490918792059365	0.32542162359236687	-0.17615055578442407	28
0.375	-0.5505426176750958	0.21084479031970377	0.340420090951797	-0.18475149069453198	28
0.38	-0.5664276659549317	0.21707249327747585	0.35650321794980155	-0.19386246923937758	28
0.385	-0.5834900437206944	0.22361237261603534	0.37379354363838857	-0.20352473475065663	28
0.39	-0.6018612370375496	0.23048586036641644	0.3924325834597923	-0.21378364959609497	28
0.395	-0.6216934261022292	0.2377157058291215	0.412584659257407	-0.22468911124467145	28
0.4	-0.6431637838179548	0.24532585364146883	0.4344417057671061	-0.23629597890494447	28
0.405	-0.6664799069026871	0.2533411860386694	0.4582293542413911	-0.24866448083993883	28
0.41000000000000003	-0.6918867594098767	0.26178706491502357	0.4842147187026952	-0.26186056544225744	28
0.41500000000000004	-0.7196756362026591	0.27068848886776503	0.512716470643316	-0.2759560660756658	29
0.42	-0.75019594050792	0.2800690239857306	0.5441180453071651	-0.2910288073862608	29
0.425	-0.7838706999505235	0.28994837714297395	0.578885162782072	-0.3071617852176274	29
0.43	-0.8212176426821157	0.3003392002591698	0.6175895249889002	-0.32444184490763306	29
0.435	-0.8628780292530966	0.31124149687942687	0.6609413226814439	-0.3429565354523345	29
0.44	-0.9096571196901542	0.3226334609448662	0.7098348484639934	-0.36278807806618285	30
0.445	-0.962581837495852	0.3344563867295057	0.7654135770630225	-0.3840022362987026	30
0.45	-1.0229861982960677	0.34658814258648984	0.8291664516447191	-0.4066271054376078	30