0.	Indeterminate	Indeterminate	0	0	11
0.005	-0.21430178150720047	0.06359723738773389	0.00143065329068768	-0.0004310010071679897	43
0.01	-0.21594651143022117	0.06421373402919225	0.0028872661325021875	-0.0008845016994194539	43
0.015	-0.21762179104363494	0.06481589691137388	0.004370581490581504	-0.0013605824948864722	43
0.02	-0.21932850839268342	0.06540335638783949	0.005881382005931086	-0.001859321887850721	43
0.025	-0.2210675749886612	0.06597571760633987	0.007420491547919784	-0.0023807959519381926	43
0.03	-0.22283993115498918	0.06653256158577267	0.008988777085923114	-0.0029250778738345437	43
0.035	-0.2246465618148386	0.06707344088463905	0.010587151297919612	-0.0034922373092105144	42
0.04	-0.22648842431322969	0.06759787705696818	0.012216571132102776	-0.004082339523268371	42
0.045	-0.2283665649504995	0.06810536576965935	0.013878044979645045	-0.004695445143637159	42
0.05	-0.2302820414673002	0.06859536884659667	0.015572631546111857	-0.005331609007565488	42
0.055	-0.23223594686327542	0.06906731502285891	0.01730144313365355	-0.005990879442475556	42
0.06	-0.23422940855313218	0.06952059731128062	0.019065648026880704	-0.006673297269491569	42
0.065	-0.23626359075986458	0.06995457190991695	0.02086647317311078	-0.007378894850111976	42
0.07	-0.23833969785965808	0.07036855539527623	0.02270520715565366	-0.008107694914826562	42
0.075	-0.24045899072730903	0.07076183333367489	0.02458320466816099	-0.008859710547541299	41
0.08	-0.24262272150422354	0.0711336156755692	0.026501883084580347	-0.009634939135314461	41
0.085	-0.2448322403933148	0.0714830971081223	0.02846273600585872	-0.01043336781923442	41
0.09	-0.2470889259542136	0.07180941370957991	0.030467330021756396	-0.011254967518727964	41
0.095	-0.24939420661067357	0.07211164543007705	0.032517310380070066	-0.01209969167462879	41
0.1	-0.25174956239343954	0.07238882053564336	0.03461440498273696	-0.012967475241970458	41
0.105	-0.2541565280038099	0.07263990569108661	0.036760428826566396	-0.013858231790430007	41
0.11	-0.2566166946518953	0.07286380674190948	0.03895728853355334	-0.014771851788830167	41
0.115	-0.25913172357477565	0.07305938071509212	0.041206988746559405	-0.015708202894576175	40
0.12	-0.26170331062731295	0.0732253546564708	0.04351163233175755	-0.016667114196835343	40
0.125	-0.26433324615791565	0.07336043970712948	0.04587343340899748	-0.017648392906129715	40
0.13	-0.2670233802709484	0.07346324569204227	0.04829471846861497	-0.018651807821603833	40
0.135	-0.2697756369072402	0.07353229664534852	0.050777934133108896	-0.01967708905078954	40
0.14	-0.2725920168836515	0.07356602523406945	0.05332565398181756	-0.020723924079368874	40
0.145	-0.275474601498425	0.0735627646273124	0.055940585776428346	-0.02179195296543173	40
0.15	-0.2784255578426958	0.07352074379401759	0.0586255794655941	-0.02288076391985712	40
0.155	-0.28144714378474506	0.07343807905853068	0.061383635879245786	-0.023989887781799297	40
0.16	-0.2845417012962944	0.0733127874510601	0.06421791240888686	-0.025118796813673377	39
0.165	-0.28771169904916744	0.07314269133465268	0.06713174369714844	-0.026266879189684907	39
0.17	-0.29095968682448003	0.07292554097097566	0.07012863683594392	-0.027433460756723586	39
0.175	-0.2942883331764473	0.07265891618953765	0.07321229209046684	-0.0286177780510493	39
0.18	-0.2977004235501294	0.07234023525855413	0.07638661251714905	-0.029818973843591452	39
0.185	-0.301198869981442	0.0719667461627231	0.07965571757377746	-0.031036088563574045	39
0.19	-0.3047867137118129	0.07153550984712131	0.08302395595241194	-0.0322680486139105	39
0.195	-0.3084671370871837	0.07104338942651184	0.08649592160267691	-0.033513655881183185	39
0.2	-0.3122434684809576	0.07048703085520572	0.09007646918256562	-0.034771573627292995	39
0.205	-0.3161191688749924	0.06986285599268287	0.09377072406731987	-0.03604031423687054	38
0.21	-0.3200979385599697	0.0691670097785838	0.09758413253764707	-0.03731821740549246	38
0.215	-0.32418358048211626	0.0683953897030722	0.10152243556430425	-0.038603441076378316	38
0.22	-0.32838010840534443	0.06754359104894819	0.10559172132460357	-0.03989393648790247	38
0.225	-0.33269173633898275	0.0666068873665388	0.10979844265032218	-0.04118742702077577	38
0.23	-0.3371228888084865	0.06558020352547335	0.11414944198211907	-0.04248138379729227	38
0.235	-0.34167821656096825	0.06445808470351407	0.11865198060799982	-0.043772998442809546	38
0.24	-0.3463626103098469	0.06323466552321516	0.12331376864835322	-0.045059153535272366	38
0.245	-0.35118121808608127	0.061903628446043496	0.12814299962391762	-0.046336387228276946	38
0.25	-0.35613946258243145	0.06045816489141824	0.13314838661877557	-0.04760085587273916	38
0.255	-0.36124304053947864	0.05889090523288207	0.13833919656728294	-0.04884828049506883	37
0.26	-0.36649802152687994	0.05719395495235782	0.14372531825071722	-0.05007393814569264	37
0.265	-0.3719107533102728	0.05535870969253322	0.1493172737215791	-0.05127254991340736	37
0.27	-0.3774879643328277	0.05337587101769985	0.15512629562349678	-0.052438255667953564	37
0.275	-0.38323677381513516	0.05123535802097767	0.16116437991789745	-0.05356453729770977	37
0.28	-0.3891647203208082	0.04892622455773932	0.16744434934169236	-0.054644139162995736	37
0.285	-0.3952797935221395	0.04643656527843218	0.17397992416046915	-0.05566897748981231	37
0.29	-0.40159047236477846	0.04375341451958907	0.18078580088341106	-0.056630039484329375	37
0.295	-0.4081057632297366	0.04086262778165674	0.18787773828806978	-0.057517266198244626	37
0.3	-0.41483524729819854	0.03774875044379422	0.19527265515291678	-0.058319420553493775	37
0.305	-0.4217891241931136	0.03439486015804867	0.20298873579095933	-0.05902393117629188	37
0.31	-0.42897829954400624	0.030782378576282014	0.21104556716757586	-0.05961671220318486	36
0.315	-0.4364143407594329	0.02689095810238732	0.21946421272791486	-0.060081992562541806	36
0.32	-0.44410969342891976	0.022698109409541006	0.22826745035453286	-0.060402024565095525	36
0.325	-0.452077664576667	0.018179038982625094	0.23747988559087904	-0.06055685185780149	36
0.33	-0.46033253025777626	0.013306309311405997	0.24712815720677972	-0.060523976871189544	36
0.335	-0.46888963738426614	0.008049483876390064	0.25724115549736387	-0.060277989628167876	36
0.34	-0.47776551309058163	0.002374703119114925	0.2678502693652953	-0.05979012639443534	36
0.345	-0.48697799189653235	-0.0037558073090754023	0.2789896680540741	-0.05902775239094895	36
0.35	-0.49654636723722323	-0.01038432407959302	0.290696628765337	-0.057953745463435555	36
0.355	-0.5064915516666139	-0.017558321853452335	0.30301190521639637	-0.05652576064413436	36
0.36	-0.5168362823997903	-0.02533130712172242	0.3159801667132555	-0.054695349925306405	36
0.365	-0.5276053428279219	-0.03376382036968054	0.32965049811179364	-0.05240689861412888	36
0.37	-0.5388258291357964	-0.04292465071395596	0.3440769892017159	-0.04959633515294771	36
0.375	-0.5505274689246178	-0.052892276313858705	0.3593194255106538	-0.046189581164978094	35
0.38	-0.5627429966872418	-0.06375686912804462	0.3754441390182604	-0.042100494830231	35
0.385	-0.5755086073524434	-0.07562229455242628	0.39252495825985034	-0.037228626907171006	35
0.39	-0.5888644898710202	-0.08860912574324027	0.41064441426983767	-0.0314560862631702	35
0.395	-0.6028554926430636	-0.10285819863038778	0.42989518081114836	-0.024643740122386293	35
0.4	-0.6175319336038564	-0.11853521087685602	0.450381842082261	-0.01662632390340002	35
0.405	-0.6329506216589823	-0.13583667602715319	0.4722230947920289	-0.0072061199915369745	35
0.41	-0.649176126859605	-0.1549977473490155	0.4955545036362587	0.0038553328833804273	35
0.415	-0.6662824167915073	-0.1763026480635181	0.5205320199718962	0.01684826262787953	35
0.42	-0.6843549760510645	-0.2000987778372101	0.5473365243435012	0.03212953795107751	35
0.425	-0.7034936089454231	-0.2268162030645263	0.5761798120243949	0.05014314358165603	35
0.43	-0.7238162276829151	-0.2569950982802958	0.6073126320182777	0.07144890395502654	35
0.435	-0.7454640879981801	-0.29132534144116723	0.6410357423768263	0.096763750392518	35
0.44	-0.7686092837689517	-0.33070518712095576	0.6777155703732944	0.1270225765352197	35
0.445	-0.7934658817930573	-0.3763310135630614	0.7178071655219718	0.16347081318657253	34
0.45	-0.8203068885018605	-0.429839466370724	0.7618889215623226	0.2078102752804174	34
0.455	-0.8494929624800456	-0.49354340442362266	0.8107190428228428	0.2624394033946745	34
0.46	-0.881522910170117	-0.5708428000009551	0.8653317600384962	0.33086879137044245	32
0.465	-0.9171335427366925	-0.6669905196539354	0.9272175997310176	0.41848874709232714	31
0.47	-0.9575275468720748	-0.7906348789433837	0.9987031360695318	0.5340998753149859	32
0.475	-1.0049901994240777	-0.9572724678306905	1.0838850026563596	0.6932969791920398	34
0.48	-1.0650159819225136	-1.1981194437911133	1.1915014223030473	0.9270223935315131	37
0.485	-1.1563958225841193	-1.5875317919178193	1.3469955108720146	1.3073752658302236	41
0.49	-1.3850920367767405	-2.3471261883827337	1.6709661977964874	2.0412875892255506	47
0.495	-2.7217451966834885	-4.142852427745517	3.12217680596371	3.7000734273359392	57