0.	-0.4046294580938371	-0.024262213125344156	0	0	45
0.005	-0.40325175201378055	-0.02524838358406903	-0.0026806632821038713	-0.00017900509126477404	45
0.01	-0.40193062386479717	-0.026255555888136384	-0.005328391340642758	-0.0003925799665284496	45
0.015	-0.40066540611956997	-0.027283712989637193	-0.007944349625418937	-0.0006408178566517969	45
0.02	-0.39945547749594446	-0.02833282936967882	-0.010529663916444764	-0.0009238242863848166	46
0.025	-0.39830027110619826	-0.02940300596937595	-0.013085422512822088	-0.0012417209226360812	46
0.03	-0.3971992629820953	-0.03049426940481019	-0.015612678089857956	-0.0015946415179061198	46
0.035	-0.39615197856759937	-0.03160670403393108	-0.01811244974863201	-0.0019827352886496617	46
0.04	-0.3951579896980045	-0.03274042011377398	-0.02058572479339889	-0.002406166878920846	46
0.045	-0.3942169151235951	-0.03389555276426921	-0.023033460572188642	-0.0028651169380989024	46
0.05	-0.3933284275272308	-0.035072230475754015	-0.025456586743287848	-0.003359780677361995	47
0.055	-0.39249222275207285	-0.036270702894012366	-0.027856004700447665	-0.003890376537074367	47
0.06	-0.3917080672249397	-0.03749115127328377	-0.030232592585528576	-0.004457135277094529	47
0.065	-0.39097576571611076	-0.0387338136056138	-0.032587204639642646	-0.005060308110493501	47
0.07	-0.3902951698872421	-0.03999895447809043	-0.03492067332950841	-0.00570016569989927	47
0.075	-0.3896661782670355	-0.041286865635170214	-0.03723381077997468	-0.006376998950369654	47
0.08	-0.38908875145171035	-0.04259783651721309	-0.03952741199775298	-0.007091116882430603	48
0.085	-0.3885628559114692	-0.0439322726725148	-0.04180224984532532	-0.007842859023387772	48
0.09	-0.3880885497285207	-0.04529052161069941	-0.04405908600789012	-0.00863257954932891	48
0.095	-0.38766592654574394	-0.04667298890095531	-0.046298666197413726	-0.009460659199286618	48
0.1	-0.3872951308978077	-0.04808011059996689	-0.048521723097747604	-0.010327503690167168	48
0.105	-0.3869763592397065	-0.04951235382290206	-0.05072897781646935	-0.01123354480732501	48
0.11	-0.38670987758601555	-0.05097019038034731	-0.05292114387048661	-0.01217923801720807	49
0.115	-0.38649595537569903	-0.05245420812295601	-0.05509891800786009	-0.013165077994381616	49
0.12	-0.38633497050131005	-0.0539649488586357	-0.057262997664659435	-0.01419157917819186	49
0.125	-0.38622734124331887	-0.05550301676820736	-0.05941407181492882	-0.01525929073413515	49
0.13	-0.38617354549914834	-0.05706905439464424	-0.06155282496177594	-0.01636879497202368	49
0.135	-0.38617412346045804	-0.058663742698516125	-0.06367993885722166	-0.01752070880806891	49
0.14	-0.3862296975689211	-0.060287776294541955	-0.06579609758918202	-0.018715681329214317	50
0.145	-0.3863409015857338	-0.06194197531485013	-0.06790197424846436	-0.019954413131617162	50
0.15	-0.38650849604951204	-0.06362712429700565	-0.06999825521204006	-0.021237632908971658	50
0.155	-0.3867332948909627	-0.0653440818895204	-0.07208562666383286	-0.022566116350918458	50
0.16	-0.38701618856604836	-0.06709375613946907	-0.07416478025741097	-0.023940684383722703	50
0.165	-0.3873581659051304	-0.06887707955844836	-0.07623641947117425	-0.025362200758686778	51
0.17	-0.38776024260552255	-0.0706951230861815	-0.07830124316792103	-0.026831594956314583	51
0.17500000000000002	-0.38822358176400196	-0.07254893565158009	-0.08035997545008958	-0.028349836008504457	51
0.18	-0.38874941957447595	-0.07443965455917405	-0.08241334920015281	-0.029917954757481817	51
0.185	-0.38933909068297246	-0.07636848259283922	-0.08446211301010334	-0.0315370427226043	51
0.19	-0.38999405066146536	-0.07833666272381264	-0.08650703865618267	-0.03320824993385356	52
0.195	-0.39071581433542757	-0.0803455994615591	-0.08854890370164091	-0.034932813205375585	52
0.2	-0.39150606715200614	-0.08239669147411376	-0.09058852442869647	-0.03671202565834897	52
0.20500000000000002	-0.3923666017705752	-0.08449144879764521	-0.09262673887041248	-0.038547264279399265	52
0.21	-0.39329934382556636	-0.08663147174363783	-0.09466441477178154	-0.040439990037431206	52
0.215	-0.3943063725992518	-0.08881842243079777	-0.09670245780457885	-0.04239174544847152	53
0.22	-0.39538988137245035	-0.09105416421722265	-0.09874179626024089	-0.04440419246648293	53
0.225	-0.3965522680072926	-0.09334057514393054	-0.10078341478187096	-0.04647907419223932	53
0.23	-0.3977960905250629	-0.09567968191264437	-0.10282833854313819	-0.048618251676806	53
0.23500000000000001	-0.39912410236856716	-0.09807360344984674	-0.10487764741367026	-0.05082369619815584	54
0.24	-0.40053923291531063	-0.10052469791619553	-0.10693246384263355	-0.053097534441927115	54
0.245	-0.4020446603921426	-0.10303537070062424	-0.10899398614163633	-0.05544200639079643	54
0.25	-0.4036437880120801	-0.10560821850353122	-0.11106347600735025	-0.05785951032755762	54
0.255	-0.4053402749942886	-0.10824597304704647	-0.11314227308200045	-0.060352596122727156	55
0.26	-0.40713805117520296	-0.11095166103400511	-0.11523179079292704	-0.0629240216020618	55
0.265	-0.40904135898937233	-0.11372840468021794	-0.11733354489107724	-0.06557670548083136	55
0.27	-0.4110547637650041	-0.11657958000027836	-0.11944914887164979	-0.0683137843936111	55
0.275	-0.4131831779381623	-0.11950876495464584	-0.12158032796518645	-0.07113860928293378	56
0.28	-0.4154319295693659	-0.12251990940431448	-0.123728930500693	-0.07405481600925105	56
0.28500000000000003	-0.41780675687504604	-0.1256171373737176	-0.12589694538615948	-0.07706627527737098	56
0.29	-0.42031385454446285	-0.12880488576920293	-0.12808650969630286	-0.08017715325053495	57
0.295	-0.4229599794650398	-0.13208804032329094	-0.13029993551190788	-0.08339198161956504	57
0.3	-0.42575242083472614	-0.1354717554285761	-0.13253972032073372	-0.08671561255264931	57
0.305	-0.42869908140080853	-0.1389616055836139	-0.1348085654759116	-0.09015329392086555	58
0.31	-0.43180863360963795	-0.1425637173586911	-0.13710942226677006	-0.09371075098763426	58
0.315	-0.4350904607894125	-0.14628462696120856	-0.13944549144020163	-0.09739415496162933	58
0.32	-0.4385547922654582	-0.15013144532914205	-0.14182026002894463	-0.10121021816224145	59
0.325	-0.4422129222682627	-0.15411198059644746	-0.14423757360318487	-0.1051662900234395	59
0.33	-0.4460770917644805	-0.15823464859476888	-0.1467016112802614	-0.10927034443543356	60
0.335	-0.4501608933138979	-0.16250873094680057	-0.1492170131997389	-0.11353115347150916	60
0.34	-0.45447918210291693	-0.1669443267863152	-0.15178886337423037	-0.11795830104827276	60
0.34500000000000003	-0.45904834520949994	-0.1715525529915365	-0.15442277633357224	-0.1225623330262867	61
0.35000000000000003	-0.4638866565625545	-0.1763456527901664	-0.1571250313209545	-0.12735489394414728	61
0.355	-0.4690142133881571	-0.18133714526906286	-0.15990254284842464	-0.13234883530553979	62
0.36	-0.47445357197472526	-0.18654197989899723	-0.1627631016105199	-0.13755842256228237	62
0.365	-0.4802297403492453	-0.19197681873698835	-0.1657153528631869	-0.1429995223927807	63
0.37	-0.48637091863225396	-0.19766016516066587	-0.16876909064903908	-0.14868984085518389	63
0.375	-0.49290866163107444	-0.20361283992607998	-0.17193528045455037	-0.15464923944977352	64
0.38	-0.49987872663687993	-0.20985815077676137	-0.17522640210760515	-0.16090004215027853	65
0.385	-0.507321641535919	-0.21642239815616732	-0.17865664023452818	-0.1674674635126443	65
0.39	-0.5152835205896931	-0.2233355556026676	-0.18224215248264236	-0.1743801745485839	66
0.395	-0.523817242972545	-0.23063165394575738	-0.18600154161128846	-0.18167083591127184	67
0.4	-0.5329836673424782	-0.2383497637910647	-0.18995626165204482	-0.18937693040140852	68
0.405	-0.5428532868941123	-0.24653496032432162	-0.19413122225321802	-0.1975417133675981	69
0.41000000000000003	-0.5535082902153478	-0.2552395967309342	-0.19855553085188393	-0.20621542919278138	70
0.41500000000000004	-0.5650451928111072	-0.26452492957027823	-0.2032634398369257	-0.21545686142659937	71
0.42	-0.5775782426624666	-0.2744632207923823	-0.20829557217444322	-0.2253353336193478	72
0.425	-0.5912438856397209	-0.2851404923273346	-0.21370052836379913	-0.23593332633971212	73
0.43	-0.6062067106277671	-0.29666018936133326	-0.2195370252390402	-0.24734995182174468	74
0.435	-0.6226675601539741	-0.3091480992414631	-0.22587682624981803	-0.2597056402440253	76
0.44	-0.6408744636153598	-0.32275925383508475	-0.23280864585310812	-0.27314859547839276	78
0.445	-0.6611385286098448	-0.3376876145016138	-0.24044387485668273	-0.28786394525617043	79
0.45	-0.6838568230617419	-0.3541798096414849	-0.24892487142762715	-0.3040868054966366	81