0.	-0.3953085870424747	0.10088920743962301	0	0	11
0.005	-0.3969508717381518	0.10179881634324237	0.0026504384743948088	-0.0006913823638105276	44
0.01	-0.3984053464387214	0.10247128118792548	0.0053285585601968045	-0.0014174131433760315	44
0.015	-0.39990957741022404	0.10313663097715065	0.00803550448030389	-0.0021783139850648364	44
0.02	-0.40146444306450746	0.10379459050729814	0.010772463528376902	-0.0029743146322631507	44
0.025	-0.40307089554997966	0.10444485755713023	0.013540669329483428	-0.0038056524723546177	43
0.03	-0.40472983596961537	0.10508713692929159	0.016341400177080908	-0.004672573346502682	43
0.035	-0.40644230749310606	0.10572108557060436	0.01917598738398794	-0.005575329763618496	43
0.04	-0.40820936894813015	0.10634634785019756	0.022045814279065157	-0.006514181574592269	43
0.045	-0.4100321286280145	0.10696254596159052	0.024952319868311902	-0.007489395481478344	43
0.05	-0.41191174430856703	0.10756927759042459	0.02789700171471695	-0.008501244634907923	43
0.055	-0.4138494279666598	0.10816611451834438	0.03088141915958131	-0.009550008231374672	43
0.06	-0.4158464792799977	0.1087526086560491	0.03390719928348196	-0.01063597180813791	42
0.065	-0.41790415170655837	0.10932826289424155	0.03697602944406775	-0.01175942403139484	42
0.07	-0.42002386255696844	0.10989256997853325	0.04008967725935708	-0.012920660105888878	42
0.075	-0.4222070540564558	0.11044498423309682	0.04324998359868781	-0.014119978632033032	42
0.08	-0.42445523349535524	0.11098492638879962	0.04645886961206046	-0.015357681609096972	42
0.085	-0.4267699747164337	0.1115117803288849	0.04971834093440546	-0.016634073542990173	42
0.09	-0.42915292078496975	0.11202489360236051	0.053030492339050134	-0.01794946093724013	42
0.095	-0.431605812508796	0.11252359459970646	0.05639751575727863	-0.019304154306613315	41
0.1	-0.4341303877180812	0.11300709742432916	0.05982169278900286	-0.020698453882932615	41
0.105	-0.43672854389873	0.11347464276215485	0.06330541946976266	-0.02213266865064064	41
0.11	-0.43940223418348645	0.11392539976083221	0.06685119936584398	-0.023607101969661332	41
0.115	-0.4421534988478718	0.11435848310270791	0.07046165312295775	-0.025122052852523724	41
0.12	-0.44498446822715926	0.11477295417059785	0.07413952488902847	-0.026677815081758552	41
0.125	-0.44789736842968997	0.11516781449329297	0.07788768972022196	-0.02827467506139424	41
0.13	-0.4508945251017649	0.11554200246762725	0.08170916103654283	-0.02991290998511994	41
0.135	-0.45397837437811867	0.11589442668129338	0.08560709903903332	-0.031592793035023624	40
0.14	-0.45715144746092173	0.11622381183207303	0.08958481851120499	-0.03331456199192359	40
0.145	-0.46041640796795724	0.1165289181049784	0.09364579964887805	-0.03507845977512038	40
0.15	-0.46377603640522297	0.11680838616398895	0.09779369673419158	-0.03688470298232274	40
0.155	-0.4672332431211125	0.11706076822135858	0.10203234953693538	-0.03873348559956528	40
0.16	-0.4707910717779593	0.11728452210946788	0.10636579375848187	-0.040624975386332605	40
0.165	-0.4744527132361549	0.11747800477146622	0.1107982746803008	-0.042559310035970827	40
0.17	-0.47822150804517816	0.11763946384934096	0.1153342592137533	-0.04453659236309088	40
0.175	-0.482100932568907	0.11776706209399648	0.11997844305481307	-0.04655689285662903	39
0.18	-0.48609470614035105	0.11785874110486724	0.12473579508010141	-0.04862021485417622	39
0.185	-0.49020665759927984	0.11791240452929994	0.12961153118456714	-0.05072653250576786	39
0.19	-0.49444082757000263	0.1179257769353913	0.13461115907106078	-0.052875753930162125	39
0.195	-0.4988014615859697	0.11789642718348842	0.13974049176490633	-0.05506772178332441	39
0.2	-0.503293018226971	0.11782175377607007	0.14500566717882676	-0.05730220383106322	39
0.205	-0.507920186011337	0.11769897273909574	0.15041317111638902	-0.05957888400359496	39
0.21	-0.5126878961289683	0.11752510249804285	0.15596986105926086	-0.0618973515782662	39
0.215	-0.5176013390042361	0.11729694558615453	0.16168299272459824	-0.06425708872956287	39
0.22	-0.5226659399117184	0.11701106934588582	0.16756023441514897	-0.06665745435795592	38
0.225	-0.5278875472493335	0.11666380223869321	0.1736097535940273	-0.0690976835691196	38
0.23	-0.5332721959999485	0.11625118788733824	0.17984016702376027	-0.0715768495684416	38
0.235	-0.5388263024191556	0.1157689742395632	0.1862606334093624	-0.07409385811246465	38
0.24	-0.5445566451920324	0.11521258752724217	0.19288087901276685	-0.07664742436872188	38
0.245	-0.5504703916583084	0.11457709882808412	0.1997112420370334	-0.07923604794615832	38
0.25	-0.5565751274200901	0.113857194131021	0.2067627201488726	-0.08185798699927826	38
0.255	-0.56287888679828	0.11304713730812771	0.21404702300593162	-0.0845112279635819	38
0.26	-0.5693901881474146	0.11214073015688791	0.22157662954728802	-0.08719345138827121	38
0.265	-0.5761180653097432	0.11113122278727189	0.22936485233297618	-0.08990197486891224	37
0.27	-0.5830721478858358	0.11001144257670398	0.23742590942912417	-0.09263378574380532	37
0.275	-0.5902626413567655	0.10877346993639987	0.24577499443586454	-0.09538537731069929	37
0.28	-0.5977004298503428	0.10740875430667324	0.2544283690442858	-0.09815276907885896	37
0.285	-0.6053971176601717	0.10590799686791537	0.2634034550786304	-0.10093142299703842	37
0.29	-0.6133650961983564	0.10426107210871492	0.272718940531914	-0.10371617120410685	37
0.295	-0.6216176134301106	0.10245693680541418	0.2823948958455527	-0.10650113206869452	37
0.3	-0.6301688578837685	0.10048352841898801	0.2924529066385378	-0.10927961532232165	37
0.305	-0.6390340413383727	0.09832764461596243	0.30291621750661124	-0.11204400942964698	37
0.31	-0.6482295102951318	0.09597481484185963	0.31380990006437864	-0.11478565768141252	37
0.315	-0.657772852098487	0.09340914331129285	0.32516103557206505	-0.11749470888765579	37
0.32	-0.6676830816701551	0.09061313197681305	0.33699895323859136	-0.12015995188530137	36
0.325	-0.6779805783044662	0.08756749392810723	0.3493553563973487	-0.12276860280547762	36
0.33	-0.6886875686474041	0.08425088307324331	0.36226475830112703	-0.12530608904469187	36
0.335	-0.6998281142945836	0.08063965053975947	0.3757646804704077	-0.12775577062464466	36
0.34	-0.7114283839308266	0.07670751369261472	0.38989603231155595	-0.130098619874383	36
0.345	-0.7235169122049031	0.07242518343544896	0.4047035165917825	-0.13231284478461675	36
0.35	-0.7361249047188312	0.06775991646652887	0.4202361020847487	-0.13437343804335627	36
0.355	-0.7492865805880009	0.06267499123865045	0.4365475631170979	-0.1362516409272674	36
0.36	-0.7630395951513317	0.05712907418791997	0.4536971228998482	-0.13791429827486495	36
0.365	-0.7774255215569731	0.05107546511980483	0.4717501966341136	-0.13932308098100118	36
0.37	-0.7924904308733215	0.04446118175825181	0.49077927362629153	-0.140433541558777	36
0.375	-0.8082855957089112	0.037225840420735325	0.5108649722097123	-0.14119395739259774	36
0.38	-0.824868318543921	0.029300281122106114	0.5320972894439158	-0.14154390354873458	36
0.385	-0.8423029594612581	0.020604869645244592	0.5545771206399103	-0.14141248549088392	36
0.39	-0.8606621848730188	0.011047367111642226	0.578418100298256	-0.14071611913165671	36
0.395	-0.8800285140886513	0.0005202341214113337	0.6037488633372724	-0.13935571903453794	36
0.4	-0.9004962482697952	-0.011102808554872334	0.6307158422069424	-0.13721310539064363	36
0.405	-0.9221739209553332	-0.023971230298762747	0.6594867799537574	-0.1341463560301729	36
0.41	-0.945187409138585	-0.0382635284910737	0.6902551684187844	-0.12998370818248056	36
0.415	-0.9696839727448655	-0.05419500824618498	0.7232459554625749	-0.12451544225818952	36
0.42	-0.9958375605446786	-0.07202828448449405	0.758722974195793	-0.11748293077187397	36
0.425	-1.0238558853577642	-0.09208778260660411	0.7969987806695605	-0.10856354964557685	36
0.43	-1.0539900493468402	-0.1147801271597661	0.8384479210145824	-0.09734950424570227	36
0.435	-1.086547888656423	-0.14062352237592657	0.8835251956600115	-0.08331739589890835	36
0.44	-1.121912876255861	-0.17029121205319014	0.9327913729135604	-0.06578332645165569	37
0.445	-1.1605722252955313	-0.2046779540893724	0.9869509093684679	-0.04383458615823982	37
0.45	-1.2031583520330276	-0.24500483292711805	1.0469076955076488	-0.01622211038895377	37
0.455	-1.2505152490347302	-0.2929930993261077	1.1138531989241387	0.01881670809861624	38
0.46	-1.3038084069858917	-0.35116570916765877	1.1894112817134739	0.06386389499548262	38
0.465	-1.36471925025995	-0.4234076903502007	1.2758925558451855	0.12288556402175144	39
0.47	-1.4358249404587327	-0.5160895558510418	1.3767840110784586	0.20235524324816812	40
0.475	-1.52144318186243	-0.6405711944338468	1.4978169174689457	0.3137329856696073	41
0.48	-1.6299370013711176	-0.8196067848595938	1.6497828868036626	0.47972406439430726	43
0.485	-1.7823790573609775	-1.1071739229262092	1.858550194503302	0.7532793358489409	46
0.49	-2.0663263674838444	-1.6663526277773937	2.2223518714689297	1.2896218872865264	51
0.495	-3.214992428262616	-3.06597643147034	3.4749559604926237	2.5983324325328523	58