0.	Indeterminate	Indeterminate	0	0	11
0.005	-0.20206247501814306	0.005628379933983893	-0.001343738063419395	0.00003185303908492007	46
0.01	-0.2005844880682702	0.0052425829855421435	-0.0026611700585908084	0.00004742007754432822	47
0.015	-0.19912032131803115	0.00484651669975357	-0.00395270110533545	0.00004678948521914415	47
0.02	-0.19766924239255365	0.004440495605026282	-0.005218707647337775	0.00003005599781882775	47
0.025	-0.19623051921901724	0.004024815415254845	-0.006459538009774503	-2.679627772951901e-6	47
0.03	-0.1948034302239906	0.003599750483563882	-0.0076755133662693665	-0.00005131107141608665	47
0.035	-0.19338728250413817	0.0031655625043926217	-0.008866929441803813	-0.00011572650279075437	48
0.04	-0.1919813468764641	0.0027224985334143303	-0.010034054535473643	-0.00019580874922392423	48
0.045	-0.1905849511405273	0.0022707885683240364	-0.011177134313578325	-0.0002914357624912876	48
0.05	-0.1891974160396023	0.0018106482614784064	-0.012296389910623422	-0.00040248063964948635	48
0.055	-0.18781807242907872	0.0013422826210805067	-0.013392019399182718	-0.0005288115850514722	48
0.06	-0.18644625943010967	0.0008658816881614989	-0.014464198357251393	-0.000670292304946093	48
0.065	-0.18508133644155786	0.00038162097247353144	-0.015513081541818298	-0.0008267822374944172	49
0.07	-0.1837226250799783	-0.00011032158567013395	-0.01653879877375237	-0.000998134953100212	49
0.075	-0.18236949612120265	-0.0006097946990119008	-0.01754146235436338	-0.0011842009706088388	49
0.08	-0.18102131258313467	-0.0011166504311881445	-0.018521163246582175	-0.001384825702091301	49
0.085	-0.1796774391432241	-0.0016307504104301485	-0.019477972192485874	-0.0015998499757535409	49
0.09	-0.17833724420548186	-0.002151966514532075	-0.020411940307383178	-0.0018291101395536552	49
0.095	-0.17700011255840747	-0.0026801838759021243	-0.02132310104893265	-0.0020724385822040595	50
0.1	-0.17566538963260472	-0.0032152769782345034	-0.02221146419522362	-0.002329660282594694	50
0.105	-0.17433246115064419	-0.0037571455518936106	-0.023077025228062688	-0.0026005976974075974	50
0.11	-0.1730007000051485	-0.004305693558659493	-0.02391975964601092	-0.00288506783105753	50
0.115	-0.17166947803352167	-0.0048608254076382	-0.024739624697138887	-0.0031828816014514323	50
0.12	-0.1703381777639663	-0.005422462503550218	-0.025536561159603656	-0.0034938462229713156	51
0.125	-0.16900614107772802	-0.005990507164545154	-0.026310486511421545	-0.0038177589570564958	51
0.13	-0.16767274450184586	-0.006564890575330329	-0.027061305494557274	-0.004154415135525643	51
0.135	-0.16633734512899168	-0.0071455368617256085	-0.02778890294157139	-0.004503601822785886	51
0.14	-0.16499929753134826	-0.007732376036776269	-0.028493146210696235	-0.004865099777602132	51
0.145	-0.1636579469497923	-0.008325339363796855	-0.029173884312588605	-0.0052386823008172875	51
0.15	-0.16231264486090607	-0.008924365526160095	-0.029830950708832765	-0.005624116410857018	52
0.155	-0.16096269741419	-0.009529376580272017	-0.03046415453396195	-0.006021156861352818	52
0.16	-0.159607435920873	-0.010140313059067717	-0.0310732926689813	-0.006429553831237975	52
0.165	-0.1582461698866808	-0.010757107799379259	-0.031658141923059095	-0.006849046660326033	52
0.17	-0.1568781964777637	-0.011379694561462629	-0.03221846053915936	-0.007279365217961254	52
0.175	-0.1555028114933479	-0.01200800603393101	-0.03275399057986424	-0.007720229425931698	53
0.18	-0.15411925967997755	-0.012641956960733251	-0.03326444800772305	-0.008171343474227242	53
0.185	-0.15272680453685744	-0.01328147470010532	-0.03374953631337094	-0.008632403938392718	53
0.19	-0.15132468243451502	-0.013926474158944177	-0.034208937747314115	-0.00910309244302198	53
0.195	-0.14991210961435505	-0.014576861256188345	-0.03464231459653902	-0.009583075820471939	53
0.2	-0.14848829461362548	-0.015232538981255242	-0.035049311809343016	-0.010072007334317658	54
0.205	-0.14705238601725965	-0.015893385916176665	-0.0354295454401836	-0.010569518533313432	54
0.21	-0.14560354721895022	-0.01655928170811659	-0.035782619233393875	-0.011075227589919133	54
0.215	-0.144140901251959	-0.017230088111538543	-0.036108112255974	-0.011588731537541141	54
0.22	-0.14266355982356319	-0.01790565014785648	-0.03640558605894267	-0.012109606849563467	55
0.225	-0.1411705669669602	-0.0185857884100502	-0.0366745703986926	-0.012637403410151125	55
0.23	-0.13966097168848582	-0.019270309306792993	-0.036914581445002835	-0.01317164968286797	55
0.235	-0.1381337794904248	-0.01995899192281771	-0.037125109947383106	-0.013711845556847655	55
0.24	-0.1365879725455083	-0.0206515865772753	-0.03730562677195643	-0.014257461642789786	56
0.245	-0.1350224604336069	-0.021347813388371144	-0.03745556915428423	-0.014807934353476278	56
0.25	-0.13343614922972824	-0.022047357580932906	-0.03757436037612373	-0.015362667152753664	56
0.255	-0.131827891868539	-0.02274986335915924	-0.037661396385660614	-0.015921024059161376	56
0.26	-0.13019650949045616	-0.023454927067722932	-0.03771605265434305	-0.01648232710159401	57
0.265	-0.1285407447919097	-0.02416210479547272	-0.03773766975150029	-0.017045853287859285	57
0.27	-0.12685932607024947	-0.024870888442099295	-0.037725574590624304	-0.01761082975565186	57
0.275	-0.12515093119520812	-0.025580704622784643	-0.037679070352160574	-0.018176428500083837	58
0.28	-0.12341415649402797	-0.026290922935085618	-0.03759742629710557	-0.018741763959782838	58
0.285	-0.12164757648679975	-0.027000823028219885	-0.037479899818874875	-0.019305884602922707	58
0.29	-0.11984970846858722	-0.027709594681407632	-0.03732572632579482	-0.019867767156379855	59
0.295	-0.11801898962085046	-0.02841634777737887	-0.037134111581332056	-0.020426314752133214	59
0.3	-0.11615383406074821	-0.029120059831974503	-0.03690425641331878	-0.020980341204447254	60
0.305	-0.11425256814555124	-0.029819613267750258	-0.03663533316077986	-0.021528574070282917	60
0.31	-0.1123134861481822	-0.030513736013349967	-0.0363265117592482	-0.022069635834317584	60
0.315	-0.11033482530898314	-0.031201004335587146	-0.03597695338457361	-0.02260203828395995	61
0.32	-0.10831475541557263	-0.03187985266082894	-0.03558580791795141	-0.023124180655237747	61
0.325	-0.10625141867881129	-0.032548497122358605	-0.03515223894194462	-0.023634321995184882	62
0.33	-0.10414289809520193	-0.033204983764581336	-0.034675410809839685	-0.02413059025110887	62
0.335	-0.10198725779160839	-0.03384709478325931	-0.034154517531993264	-0.024610947485303777	63
0.34	-0.09978252630664758	-0.034472398654029304	-0.03358877579440099	-0.025073201091220958	63
0.345	-0.09752672972689894	-0.035078149483443455	-0.03297745434825179	-0.025514964594601886	64
0.35	-0.09521789622679962	-0.03566132264367663	-0.032319878086494114	-0.025933665786150393	65
0.355	-0.09285408494848787	-0.03621855792906521	-0.031615453110342966	-0.026326523038928292	65
0.36	-0.09043340769228551	-0.03674610090545803	-0.030863691241237903	-0.02669051924434545	66
0.365	-0.08795406668272795	-0.0372398232737617	-0.030064232007825934	-0.027022408804108066	67
0.37	-0.08541439126512282	-0.03769515286706347	-0.02921687746565789	-0.027318689463452332	68
0.375	-0.08281289346517468	-0.03810705527820121	-0.028321629770756945	-0.027575597299553778	68
0.38	-0.08014830932764573	-0.038469971752943866	-0.027378731172345877	-0.027789082539041284	69
0.385	-0.0774196907948789	-0.038777834391307955	-0.026388715670285844	-0.027954825027827892	70
0.39	-0.07462647483748225	-0.03902400917210347	-0.025352464276640327	-0.02806821849549698	71
0.395	-0.0717685738445644	-0.0392012802025047	-0.02427126561682936	-0.02812437623673875	73
0.4	-0.06884650828772636	-0.03930186420640387	-0.023146892077701497	-0.028118158713023575	74
0.405	-0.0658614948602182	-0.03931738555311981	-0.021981666072075804	-0.028044180347033345	75
0.41	-0.06281559431536152	-0.03923892247517377	-0.02077854261564295	-0.027896859467129716	77
0.415	-0.05971187449355719	-0.03905706628897648	-0.019541198479232105	-0.027670481511206588	78
0.42	-0.056554511952156314	-0.038761987721703	-0.018274094869914072	-0.02735925997009803	80
0.425	-0.05334897338702768	-0.03834356879585018	-0.016982564424451074	-0.026957445590472338	82
0.43	-0.050102112572703104	-0.037791552046648455	-0.01567285728388583	-0.026459435297734084	84
0.435	-0.04682225158596414	-0.03709573893264811	-0.014352168766459074	-0.025859906536944057	87
0.44	-0.043519231776076334	-0.03624619680361484	-0.013028648092522722	-0.02515395636668517	89
0.445	-0.04020431253844012	-0.03523350153420473	-0.01171132479674827	-0.02433723286078269	93
0.45	-0.0368900548965894	-0.034048902222658835	-0.010410035074215045	-0.023406029998370843	96
0.455	-0.03358996894328791	-0.032684451443360386	-0.00913523650546211	-0.02235731829609985	101
0.46	-0.030318083745241246	-0.031132887130375538	-0.007897826504389745	-0.021188634952622413	106
0.465	-0.027088256752023913	-0.029387262907627897	-0.0067088825137697474	-0.019897784053097285	112
0.47	-0.02391328126426804	-0.02744002938166584	-0.005579417857278129	-0.018482201756754173	120
0.475	-0.020803519264881394	-0.025281057730385064	-0.004520144708202201	-0.01693765824860904	131
0.48	-0.017764395835912616	-0.02289382702634715	-0.0035411126786540122	-0.015255723016089606	147
0.485	-0.014791884523721956	-0.02024635198609715	-0.002651606287636955	-0.013418023547366535	171
0.49	-0.011857770641933073	-0.017267410894220306	-0.0018585265856746259	-0.011380473824705695	199
0.495	Undefined	Undefined	Undefined	Undefined	200