0.	-0.2596116817756785	0.0568747967507509	0	0	11
0.005	-0.26118847221757513	0.057469942293014345	0.001744216235595605	-0.00039133936294432703	43
0.01	-0.2627079707490143	0.05809011489265077	0.003514691039097434	-0.0008075880976582271	43
0.015	-0.2642608295038141	0.058698692177062015	0.005312221741639597	-0.0012488623413016195	43
0.02	-0.2658479397416998	0.05929533704195536	0.00713764547280337	-0.001715278390598307	43
0.025	-0.2674702201999977	0.05987968930542001	0.008991840836612818	-0.0022069523046362887	43
0.03	-0.26912862283951056	0.060451366312106236	0.010875729933581164	-0.00272399951597548	43
0.035	-0.2708241290261703	0.06100995820367337	0.01279028018192804	-0.0032665342313406565	43
0.04	-0.2725577774122812	0.061555030618325984	0.014736507790427332	-0.0038346690695520514	42
0.045	-0.2743305736333765	0.062086119412778265	0.016715475182230682	-0.004428514158628754	42
0.05	-0.2761436272081987	0.06260273320387276	0.0187283002758133	-0.0050481769028625475	42
0.055	-0.277998064332367	0.06310434914886537	0.02077615461482229	-0.005693761017862626	42
0.06	-0.2798950501440316	0.06359041166997711	0.022860267011650573	-0.0063653657861287944	42
0.065	-0.281835791309243	0.06406033146322555	0.02498192640172403	-0.007063085279972008	42
0.07	-0.283821539367452	0.06451348273403644	0.027142484982838867	-0.007787007367397162	42
0.075	-0.2858536101248704	0.06494921383424122	0.029343363159285072	-0.008537214108166043	41
0.08	-0.2879333068879715	0.06536679654170094	0.031586045149650285	-0.009313775214706749	41
0.085	-0.29006204518417833	0.06576549580823803	0.03387209445990042	-0.010116754769627525	41
0.09	-0.29224127139360195	0.0661445207219505	0.03620314972920186	-0.010946204862051927	41
0.095	-0.29447248693971695	0.06650302866222044	0.03858093083126047	-0.011802164767141354	41
0.1	-0.29675725107317874	0.06684013003263525	0.041007243210339904	-0.012684660249020296	41
0.105	-0.2990971834855048	0.06715487866703873	0.0434839824754272	-0.013593700996984011	41
0.11	-0.30149397750379553	0.06744629580356912	0.04601314061050773	-0.014529282972315429	40
0.115	-0.3039493615749067	0.06771327076390643	0.04859680600459635	-0.015491371032658978	40
0.12	-0.3064651661451856	0.06795469823635875	0.05123717688255877	-0.016479918833316027	40
0.125	-0.3090432843986322	0.06816938003872046	0.05393656204041647	-0.017494851606627657	40
0.13	-0.3116856863442191	0.06835604383351206	0.05669738844694812	-0.01853606688825229	40
0.135	-0.31439442394882744	0.06851333885629518	0.05952220817651492	-0.019603431491457504	40
0.14	-0.31717163472861326	0.06863983092755692	0.062413705659916996	-0.020696778176512994	40
0.145	-0.32001954562144497	0.06873399492029583	0.06537470527483157	-0.02181590148563576	40
0.15	-0.3229404714496513	0.06879423600024939	0.06840817756232505	-0.022960559333603702	39
0.155	-0.32593684995910654	0.06881877928948575	0.07151725727093912	-0.024130446872517516	39
0.16	-0.32901120110210735	0.06880581700836465	0.074705239234263	-0.02532522326773356	39
0.165	-0.3321661663843167	0.06875339863609513	0.07797559816331169	-0.02654448538592341	39
0.17	-0.33540450344690675	0.06865944598128942	0.08133199669693392	-0.027787766292936056	39
0.175	-0.33872909491783504	0.06852174623464005	0.08477829764874509	-0.029054529079792935	39
0.18	-0.34214295443842574	0.06833793910270056	0.08831857653644275	-0.03034415863959634	39
0.185	-0.3456492378653082	0.06810550890526959	0.0919571361438706	-0.03165595430941252	39
0.19	-0.3492512207327242	0.067821781337111	0.09569851236442639	-0.03298912199737256	38
0.195	-0.35295241507805203	0.06748386427649845	0.09954752215646721	-0.03434275538163317	38
0.2	-0.35675642112627026	0.06708870682546204	0.10350923418536605	-0.035715838885260975	38
0.205	-0.3606670429569182	0.0666330331197748	0.10758901832476755	-0.03710722533410982	38
0.21	-0.3646882723852975	0.06611333794254634	0.11179255801462606	-0.03851562452570863	38
0.215	-0.36882430219060625	0.0655258660843712	0.11612587265086086	-0.03993958731863205	38
0.22	-0.37307953835736885	0.06486659618750311	0.120595340624432	-0.041377489801403856	38
0.225	-0.3774586161292686	0.06413121375131121	0.12520772630412577	-0.04282751304192015	38
0.23	-0.3819663864124314	0.06331507075283654	0.12997019863788992	-0.044287614609011844	37
0.235	-0.3866080421143473	0.062413220812241	0.13489039652273507	-0.045755532920850155	37
0.24	-0.3913889715253756	0.061420299322979474	0.1399764099327723	-0.04722872039544846	37
0.245	-0.3963148898146534	0.060330544831142	0.14523685197749833	-0.04870433889978379	37
0.25	-0.4013918326713993	0.05913774979989639	0.15068088952015624	-0.050179220677841654	37
0.255	-0.4066261790852955	0.057835217251750934	0.15631828692578434	-0.05164983023927954	37
0.26	-0.4120246776758618	0.05641571469913853	0.16215945369385523	-0.053112222006422044	37
0.265	-0.4175944778512922	0.054871423027868724	0.16821549840305897	-0.05456199337729196	37
0.27	-0.42334315663465966	0.053193874778347944	0.17449828503866988	-0.05599422887412051	37
0.275	-0.4292787656114484	0.051373859640364505	0.18102050467173367	-0.05740342738939562	36
0.28	-0.4354098402793564	0.04940148511652616	0.18779572274045678	-0.05878348817532112	36
0.285	-0.44174547745551623	0.04726588685195138	0.19483848929740277	-0.060127546646869506	36
0.29	-0.4482953643180899	0.04495527498545074	0.20216440701240435	-0.06142794256987675	36
0.295	-0.455069833445069	0.04245679292713252	0.20979023182004874	-0.06267610293382779	36
0.3	-0.46207992521512126	0.03975639907045682	0.2177339826018455	-0.06386242609307613	36
0.305	-0.46933744754016427	0.03683872481385182	0.22601505991159193	-0.06497614430750948	36
0.31	-0.4768550587269691	0.03368692552095201	0.23465438443301295	-0.06600517330446846	36
0.315	-0.4846463441144569	0.030282494976400023	0.24367454753646553	-0.06693593034254079	36
0.32	-0.4927259145862123	0.026605059849734013	0.2530999848437684	-0.06775312782584642	36
0.325	-0.5011095520271738	0.02263215722260902	0.26295718938833773	-0.06843954577331177	35
0.33	-0.5098141775739207	0.01833890978960244	0.2732748574590374	-0.06897570909319332	35
0.335	-0.518858227611543	0.013697761675770553	0.2840842577271895	-0.0693396156778461	35
0.34	-0.5282616578667922	0.008678066885516852	0.2954194424575946	-0.06950631526285568	35
0.345	-0.5380461698181649	0.003245654932271025	0.30731759915581486	-0.06944746277445726	35
0.35	-0.548235433733239	-0.0026376970934388223	0.31981943857683603	-0.06913077627769948	35
0.355	-0.5588553343855759	-0.009014887323446309	0.332969635719763	-0.06851939109386354	35
0.36	-0.5699342805372445	-0.015934237947953747	0.3468173576024565	-0.06757108572870475	35
0.365	-0.5815035519190189	-0.02345039272570941	0.3614168707592137	-0.06623734733579584	35
0.37	-0.5935977194565054	-0.03162540535752771	0.3768282630273933	-0.06446223783999816	35
0.375	-0.6062551200316791	-0.040530038999554714	0.3931182791299218	-0.06218102151156818	34
0.38	-0.6195185992850335	-0.05024553724187542	0.41036145383912975	-0.05931839013771587	34
0.385	-0.6334360537973567	-0.06086544072479065	0.428641196737271	-0.05578644761035782	34
0.39	-0.6480614674362503	-0.07249827680078795	0.44805140286516604	-0.051481976971703744	34
0.395	-0.6634560079249503	-0.0852707442882389	0.46869828418350684	-0.046283092649922794	34
0.4	-0.6796894333501085	-0.09933183051383067	0.4907026674366105	-0.04004493805930576	34
0.405	-0.6968418869110847	-0.11485814139241884	0.5142028865370861	-0.03259412261656995	34
0.41	-0.7150061789394737	-0.13206090259836628	0.5393584446673848	-0.02372142386263132	34
0.415	-0.7342907660018988	-0.15119529242191584	0.5663547400606394	-0.013172080711405382	34
0.42	-0.7548236798715104	-0.17257305515616306	0.5954092385743872	-0.0006326960328394138	34
0.425	-0.7767578016390368	-0.19657992234378516	0.6267796900753929	0.014286798189645705	34
0.43	-0.8002780909864056	-0.22370012156068209	0.6607752752341285	0.032078439775204054	34
0.435	-0.8256117042590658	-0.25455170668568317	0.697772068634012	0.053372579093031614	34
0.44	-0.8530425070329598	-0.28993886533439384	0.7382350331615752	0.07899148127929911	35
0.445	-0.8829329867565248	-0.3309317004541436	0.782750614014043	0.11003067590302501	35
0.45	-0.9157572014806474	-0.3789925687433129	0.8320757767407239	0.14798728312176218	35
0.455	-0.9521550365073066	-0.4361848668026271	0.8872170465697655	0.19497072149720596	36
0.46	-0.9930249501445939	-0.5055355278343061	0.9495636132964789	0.2540664102325813	36
0.465	-1.0396963183259658	-0.5917076244279879	1.0211296827858019	0.3300055019456776	37
0.47	-1.0942861154192491	-0.702347270432074	1.1050411983696466	0.4304945446643772	38
0.475	-1.1605557995767875	-0.8510763946499087	1.2066586127278662	0.5691375921863594	39
0.48	-1.246462402205959	-1.0651044400115641	1.3367362553641167	0.7727605312149052	41
0.485	-1.3745711324482985	-1.4084675655051955	1.5233975056164208	1.1032881568925756	44
0.49	-1.6492318490686457	-2.0693431150613866	1.8827219168801357	1.7366159950033748	49
0.495	-2.930752637304078	-3.6262020722175756	3.264629575650101	3.1747150344403807	58