0.	-0.4046294580938371	-0.024262213125344156	0	0	45
0.005	-0.4060644588088623	-0.023297088874553895	0.0027148057640472597	0.00014451589094138133	45
0.01	-0.40755752437180864	-0.022353080058031993	0.005465005383181744	0.0002546110595452707	45
0.015	-0.40910947392175223	-0.021430283587910992	0.008251896643938397	0.0003303423514545256	45
0.02	-0.41072119414786346	-0.02052885496340423	0.011076826683371937	0.00037175639381043304	44
0.025	-0.4123935865960821	-0.019648884044937726	0.013941193179824415	0.00037888695807449576	44
0.03	-0.4141276486282977	-0.01879058334682282	0.016846449066408826	0.0003517599024937309	44
0.035	-0.4159244199633126	-0.017954163946847956	0.01979410413532912	0.0002903910298616679	44
0.04	-0.4177849998757695	-0.01713986701071285	0.02278572839850757	0.0001947872365745222	44
0.045	-0.41971054830827453	-0.016347964569094292	0.025822955273858417	0.00006494709960615241	44
0.05	-0.4217022868550087	-0.015578761274212594	0.028907484914203366	-0.00009913848173986536	44
0.055	-0.42376152787927024	-0.014832618247816287	0.03204108979378963	-0.00029748401704790366	43
0.06	-0.42588957303438746	-0.01410986191024799	0.035225610563308835	-0.0005301152309432379	43
0.065	-0.4280878700973606	-0.013410924725757695	0.03846297153663374	-0.0007970587865682738	43
0.07	-0.4303579131715591	-0.012736253398226816	0.041755177429252666	-0.0010983477740948537	43
0.075	-0.432701269719005	-0.012086333575042713	0.0451043194490145	-0.0014340193917176218	43
0.08	-0.43511958506012743	-0.011461691556457876	0.04851258018253839	-0.0018041141093585282	43
0.085	-0.4376145848375199	-0.010862896903909819	0.051982238461655374	-0.0022086746380057844	43
0.09	-0.4401881131575296	-0.010290569546631823	0.05551567912222656	-0.0026477445946246868	42
0.095	-0.4428419953089339	-0.009745357654450948	0.05911538084582845	-0.003121369223661609	42
0.1	-0.44557825445646765	-0.009227978385317581	0.06278394852117994	-0.0036295912934805677	42
0.105	-0.44839897294569087	-0.008739194666075867	0.0665241021031211	-0.004172451770894033	42
0.11	-0.4513063327153353	-0.008279822828657996	0.07033868774496813	-0.00474998815984258	42
0.115	-0.45430262021886314	-0.007850738373486488	0.0742306849830819	-0.005362232582317626	42
0.12	-0.4573902304739418	-0.0074528764931216795	0.0782032141943152	-0.006009210517232921	42
0.125	-0.46057167331450616	-0.0070872372510795145	0.08225954494183688	-0.006690938747865114	42
0.13	-0.46384961107633715	-0.006754871765124321	0.08640311035478311	-0.007407427196537402	41
0.135	-0.46722673376448787	-0.006456953942447691	0.090637493430389	-0.008158661900474352	41
0.14	-0.470705964799113	-0.006194684103883741	0.09496647165337069	-0.008944624553958822	41
0.145	-0.47429033306296536	-0.005969360778392524	0.09939400436009292	-0.009765275380950615	41
0.15	-0.4779830153237511	-0.0057823684799732655	0.10392425001863587	-0.010620553988562584	41
0.155	-0.4817873445250251	-0.0056351839165520445	0.1085615787371124	-0.011510376004496663	41
0.16	-0.48570681616533884	-0.005529381932196015	0.11331058472226604	-0.012434629551723954	41
0.165	-0.4897451148981349	-0.0054666041012545186	0.11817610328274111	-0.013393180980207059	40
0.17	-0.4939060657054744	-0.005448715984213093	0.12316321649880674	-0.014385832969939158	40
0.17500000000000002	-0.4981937327788303	-0.005477589739054406	0.12827728383154452	-0.015412375705957514	40
0.18	-0.5026123702222296	-0.0055552631223662885	0.1335239496220227	-0.016472544457623924	40
0.185	-0.50716645274333	-0.005683909655098518	0.1389091652251948	-0.017566023432361168	40
0.19	-0.5118606856019808	-0.005865849878391977	0.14443920848897213	-0.018692438834310647	40
0.195	-0.5167000227831345	-0.006103560435082367	0.15012070680548004	-0.019851352384226563	40
0.2	-0.5216896800775631	-0.006399687383826819	0.15596066028706268	-0.0210422528196152	40
0.20500000000000002	-0.5268351543760547	-0.006757057804863215	0.16196646802598877	-0.02226454759456173	40
0.21	-0.5321422159343063	-0.007178660249855445	0.16814594634766483	-0.023517562438799038	39
0.215	-0.5376170278703236	-0.007667798427311828	0.174507397009543	-0.024800491896063433	39
0.22	-0.543266023271521	-0.008227895572110872	0.18105958480565099	-0.026112446527104156	39
0.225	-0.5490960245156167	-0.008862657222652948	0.1878118102956557	-0.02745239927399177	39
0.23	-0.5551142447675931	-0.009576054512349996	0.19477393922178926	-0.028819180634392712	39
0.23500000000000001	-0.5613283179840677	-0.01037234672467749	0.20195644625810527	-0.030211461801438542	39
0.24	-0.5677463299450519	-0.01125610346361805	0.20937046109106364	-0.03162773668054971	39
0.245	-0.5743768527738262	-0.012232234362547528	0.21702782039720034	-0.03306629998073801	39
0.25	-0.5812289829617284	-0.013306016966860873	0.22494112349588913	-0.03452522428255502	39
0.255	-0.5883123373030124	-0.01448314156053368	0.23312377745222482	-0.036002325743095386	38
0.26	-0.5956372800762766	-0.015769706654269827	0.24159013260202414	-0.03749516298872473	38
0.265	-0.6032147014682179	-0.01717231380419046	0.2503554554781078	-0.03900096380569603	38
0.27	-0.6110562538781602	-0.0186980824628174	0.25943607897742793	-0.04051661127536283	38
0.275	-0.6191743714132767	-0.020354704892387734	0.2688494778137668	-0.04203859642375692	38
0.28	-0.6275823376652796	-0.022150503484265047	0.2786143690339865	-0.04356296931077442	38
0.28500000000000003	-0.6362943614795731	-0.024094495288769613	0.2887508247186318	-0.0450852833730553	38
0.29	-0.6453256648567076	-0.02619646199338295	0.29928039770654524	-0.046600533398690414	38
0.295	-0.6546925776254174	-0.028467030664907883	0.3102262608158785	-0.048103083745554415	38
0.3	-0.6644126483455866	-0.030917763614873597	0.3216133648166769	-0.049586587334339544	38
0.305	-0.6745047723143277	-0.03356131584208072	0.3334686230162166	-0.051043865980112776	37
0.31	-0.6849892977161397	-0.03641133927803218	0.34582107162801684	-0.052466903225044714	37
0.315	-0.6958882232216422	-0.039482935571153406	0.35870214548864926	-0.053846569924851075	37
0.32	-0.7072253534055288	-0.04279259776550361	0.372145898852121	-0.0551725801465425	37
0.325	-0.7190265064716872	-0.04635843633206388	0.3861892995874433	-0.05643330150153885	37
0.33	-0.7313197436539144	-0.05020038668347838	0.40087255611604583	-0.05761555881519965	37
0.335	-0.7441356395534943	-0.05434044292879514	0.41623949230556095	-0.05870440879288877	37
0.34	-0.7575075878919686	-0.05880293451871606	0.4323379770896626	-0.05968287256360871	37
0.34500000000000003	-0.7714721593183658	-0.06361484544051232	0.44922041963808	-0.06053162321584442	37
0.35000000000000003	-0.7860695215639059	-0.06880619542982214	0.4669443463285616	-0.06122861296273611	37
0.355	-0.8013439209227696	-0.07441048542779372	0.4855730650496529	-0.061748630886455234	37
0.36	-0.8173442641955979	-0.08046523342839391	0.5051764527930996	-0.06206277235790102	37
0.365	-0.8341247939802469	-0.08701261097962429	0.5258318724870018	-0.06213780108300438	37
0.37	-0.8517459230745323	-0.09410014948383136	0.547625268023313	-0.06193541900926286	36
0.375	-0.87027509807986	-0.10178192335286218	0.5706524284615824	-0.06141115182608034	36
0.38	-0.8897881518752129	-0.11011933691156939	0.5950206042173461	-0.060513436579459595	36
0.385	-0.9103705957271542	-0.11918276785385412	0.6208503331240581	-0.059182021965663106	36
0.39	-0.9321193988499665	-0.12905327590774712	0.6482777360097681	-0.057346206691946226	36
0.395	-0.9551451427828733	-0.13982482795353357	0.6774573173041767	-0.05492256219519306	36
0.4	-0.9795747048362947	-0.15160712756624503	0.7085654292727035	-0.05181202749581913	36
0.405	-1.0055546489515332	-0.16452926461669973	0.7418046135081889	-0.04789615628490777	36
0.41000000000000003	-1.033255527102279	-0.1787444871652285	0.7774090812502135	-0.043032199699453516	36
0.41500000000000004	-1.062877430911149	-0.19443654131729643	0.8156517361654826	-0.03704656862979566	36
0.42	-1.094657241762674	-0.21182820484050174	0.856853282192339	-0.02972602009307887	36
0.425	-1.128878232592597	-0.2311930367230554	0.9013942201869128	-0.020805520559904034	36
0.43	-1.1658830107277582	-0.25287185483195807	0.9497309148869475	-0.009951220437168451	36
0.435	-1.2060912416923446	-0.2772963286326769	1.002417479600556	0.0032639469486191452	37
0.44	-1.2500246548605574	-0.30502435942026046	1.0601365215010017	0.01939667361166475	37
0.445	-1.2983427863404262	-0.3367927794653215	1.1237427644458169	0.03918778193426281	37
0.45	-1.3518959772145387	-0.37360201744360577	1.1943276593918546	0.06364928819989601	37