2	2	0.014751978162358306	0.00004814870932638116
2	3	0.00990521890935388	0.00017430459278604854
2	4	0.006696466841507923	0.00047099934087564113
2	5	0.004543784732455062	0.0007762425626415921
2	6	0.0030990151186862727	0.001000367102301845
2	7	0.002115084486370841	0.0011287000418029136
2	8	0.0014295388333250417	0.0011779613596707116
2	9	0.0009400502151832189	0.0011711829447969212
2	10	0.000582737525461436	0.0011282153750266219
2	11	0.00031720474773813223	0.0010636824124652642
2	12	0.00011725987819065115	0.0009875800394758302
2	13	-0.00003459972775496291	0.0009064564407483844
2	14	-0.0001504345954316337	0.000824474984925932
2	15	-0.0002387958379977489	0.0007442077111567796
2	16	-0.00030590111536548965	0.0006671839938678412
2	17	-0.00035637028967660915	0.0005942569721666064
2	18	-0.0003936994878819302	0.0005258445879603594
2	19	-0.00042057560845396095	0.0004620872922540149
2	20	-0.00043909070979514047	0.0004029511577722361
3	2	0.009839251814525152	0.00012360351750941785
3	3	0.00658460513281946	-0.000622922138676564
3	4	0.004465652645743288	-0.0005920233127931138
3	5	0.0031313275218689874	-0.00035470848202292236
3	6	0.002275077466496807	-0.0001134574667613707
3	7	0.0017040510080620077	0.00007599641554044817
3	8	0.0013058886857793513	0.00020951503959815176
3	9	0.001016250359972584	0.0002973477881711542
3	10	0.0007978148079291903	0.00035129439403840736
3	11	0.0006282582488646703	0.000381124281116348
3	12	0.0004936802718626368	0.00039412446735413834
3	13	0.0003850425112835914	0.0003955141017658864
3	14	0.00029621624514821317	0.0003889762209178111
3	15	0.000222884782106818	0.00037710144573722243
3	16	0.0001619057953545285	0.0003617153019924535
3	17	0.00011092711438200337	0.00034410864598740125
3	18	0.00006814648999973569	0.00032519718175512484
3	19	0.00003215593007969644	0.00030563158479297343
3	20	1.8374468487977524e-6	0.00028587384225596394
4	2	0.006616482210219959	0.0003953989773659147
4	3	0.004447104294196059	-0.0005973282979778442
4	4	0.003038259369621374	-0.0007169433232107819
4	5	0.0021830771907922746	-0.0005796445654979795
4	6	0.0016497838864048102	-0.00039734799441131435
4	7	0.0012988549345370607	-0.00023517162458823473
4	8	0.001053553959576778	-0.00010682025947041832
4	9	0.0008722773259015576	-9.97650560267975e-6
4	10	0.000732049530822094	0.00006137836202830543
4	11	0.0006197000496143417	0.00011310938059331297
4	12	0.0005273092731599387	0.0001499900697440847
4	13	0.00044986188740597023	0.0001756773607415435
4	14	0.0003840162241365183	0.00019291559001235494
4	15	0.00032743956397941553	0.00020375591451156507
4	16	0.00027843581769698006	0.00020973644548648375
4	17	0.00023572852671006772	0.00021201799552163708
4	18	0.00019832916220142183	0.0002114832126783215
4	19	0.00016545397375410556	0.00020880830408806085
4	20	0.0001364694930292521	0.0002045149749035991
5	2	0.004561828006405079	0.0007406450333194716
5	3	0.0030751448870427636	-0.00036980357269708174
5	4	0.0021103214761454244	-0.0005978574705156953
5	5	0.0015422480423409567	-0.0005505416957257188
5	6	0.0011972955861558445	-0.00043314306760921037
5	7	0.0009736224797771124	-0.0003133078012185825
5	8	0.0008173932469310902	-0.000210140217187059
5	9	0.0007006218283533471	-0.00012645947869883214
5	10	0.0006084884924220285	-0.00006021996212000586
5	11	0.0005328342361196109	-8.374197677980013e-6
5	12	0.00046893102937438065	0.000031932137018875004
5	13	0.0004138774820350408	0.00006307252501451535
5	14	0.0003657864122227767	0.000086939731467525
5	15	0.00032336071354702205	0.00010502196488963042
5	16	0.0002856636422348639	0.00011848650960088387
5	17	0.00025198934788924615	0.00012825151605134276
5	18	0.00022178686324750394	0.00013504287926614347
5	19	0.00019461363233215848	0.0001394379395709575
5	20	0.00017010595178058472	0.00014189870446681984
6	2	0.0032286941380462266	0.0010092754663151484
6	3	0.002183755200406396	-0.00013670866163942508
6	4	0.001504017182445625	-0.0004310978990547747
6	5	0.001113995700631325	-0.0004493016166678095
6	6	0.0008829099918087618	-0.0003841105829468538
6	7	0.0007352694747359754	-0.00030209164668453583
6	8	0.0006323347097109826	-0.00022493039240263946
6	9	0.0005546480027665125	-0.00015848732425720682
6	10	0.0004922808209163872	-0.00010324474549731854
6	11	0.00043997365692253397	-0.00005803145613694436
6	12	0.0003947933182158258	-0.000021324908121024486
6	13	0.0003550029408515329	8.317952250318378e-6
6	14	0.00031950628624199587	0.00003214130531308909
6	15	0.00028756611415619394	0.000051179358390968824
6	16	0.00025865628552453133	0.00006627945332205782
6	17	0.00023238110046747943	0.00007813264699459717
6	18	0.00020842958645232853	0.00008730261176148461
6	19	0.0001865485807984548	0.00009425024555003935
6	20	0.00016652625910754628	0.0000993537500324982
7	2	0.002331897636772301	0.0011729035105368334
7	3	0.0015881178087375728	0.00004673857580871684
7	4	0.0010997117883020954	-0.00028031662253110844
7	5	0.0008252366886688009	-0.0003410789443755346
7	6	0.0006660278206022406	-0.00031331530278716805
7	7	0.0005655653828424807	-0.000260418541332238
7	8	0.0004955124780723254	-0.00020480599747675515
7	9	0.0004420526567041902	-0.00015394461412559664
7	10	0.0003983718818223067	-0.000109825333895064
7	11	0.00036099298173653454	-0.0000724647986616938
7	12	0.00032805175033793794	-0.00004121988321730351
7	13	0.0002984866950913913	-0.000015285124399282305
7	14	0.0002716510305795282	6.122896044323008e-6
7	15	0.000247121372718621	0.00002370378271442695
7	16	0.00022460017788779795	0.00003805984107869068
7	17	0.00020386424054868904	0.00004970095575410992
7	18	0.00018473657701120665	0.00005905556215137636
7	19	0.00016707056888802744	0.00006648271061256005
7	20	0.00015074072419053727	0.00007228329380450462
8	2	0.0017036801480377766	0.001249179360557529
8	3	0.0011756530004863736	0.00017543259550186434
8	4	0.0008215736645755926	-0.0001611742044809531
8	5	0.0006257494734478944	-0.00024718832030616003
8	6	0.0005141364320479161	-0.00024471526431063274
8	7	0.0004442949369250269	-0.00021290298657447302
8	8	0.0003953609218852511	-0.00017378020635119745
8	9	0.0003574446968770786	-0.0001355035040907461
8	10	0.000325833611189081	-0.00010090167385942384
8	11	0.0002982159290510148	-0.00007071365081971332
8	12	0.000273405018096002	-0.000044860014972685175
8	13	0.00025075504304019074	-0.000022960377192848126
8	14	0.00022988878534415576	-4.548954363917445e-6
8	15	0.00021056730402790115	0.000010836033135063628
8	16	0.00019262553658943825	0.00002361758961725243
8	17	0.0001759395107415929	0.00003416921876386787
8	18	0.00016040920969043662	0.00004281464860179247
8	19	0.00014594942253338587	0.00004983180704017455
8	20	0.00013248476812214357	0.000055458203382716345
9	2	0.0012470956776493732	0.0012638299553237816
9	3	0.0008794783831684098	0.0002589885886730261
9	4	0.0006233487373160082	-0.00007265205435239122
9	5	0.00048342335595076666	-0.00017200402898430507
9	6	0.0004048284433472821	-0.0001859417498766117
9	7	0.0003558210558283055	-0.0001689480993025781
9	8	0.0003210825018541335	-0.00014203302746804944
9	9	0.0002935712761198509	-0.00011348216343031931
9	10	0.00027006380200979096	-0.00008653626145304046
9	11	0.00024905393373131975	-0.00006235294588890126
9	12	0.0002298110461619967	-0.00004120533142302061
9	13	0.00021196133634094987	-0.000022992053807592838
9	14	0.00019529925173596903	-7.463573705123279e-6
9	15	0.00017970048302417486	5.675025898392336e-6
9	16	0.00016508073442556204	0.000016717593378940465
9	17	0.0001513757529881798	0.00002593702387856108
9	18	0.00013853154223282568	0.000033578072980006454
9	19	0.00012649958292922342	0.000039856186594881554
9	20	0.00011523455522126212	0.00004495905781325398
10	2	0.0009051844482235375	0.0012384992413838002
10	3	0.0006597578203848752	0.00030899702461329733
10	4	0.000477134840168008	-9.141660988945359e-6
10	5	0.0003783630339408948	-0.0001139904921192055
10	6	0.00032362401624596204	-0.0001381502283757213
10	7	0.00028943158050644764	-0.00013139731220037954
10	8	0.00026467863969477357	-0.00011339953971441376
10	9	0.00024445321263720217	-0.00009224030918076032
10	10	0.00022662733092611238	-0.00007130721563964802
10	11	0.00021027720867163987	-0.00005198167240956341
10	12	0.00019499527916873617	-0.000034750406701732226
10	13	0.00018059609105409644	-0.000019692768788271657
10	14	0.00016699005033061047	-6.705612842749027e-6
10	15	0.00015412841354403882	4.389201221187667e-6
10	16	0.00014197899288269003	0.000013792681096613194
10	17	0.00013051543461995715	0.000021703745833323922
10	18	0.00011971264895735588	0.000028307921424523956
10	19	0.00010954506953058613	0.00003377295003175795
10	20	0.0000999862052803835	0.00003824786425216808
11	2	0.0006432630250289146	0.0011887503754036159
11	3	0.0004922670126666162	0.00033522519207979454
11	4	0.00036594888775505876	0.00003524810093409314
11	5	0.000298300220561816	-0.00007007415921606772
11	6	0.00026137360737092213	-0.00010023279479567646
11	7	0.0002381226917154683	-0.00010046080885439391
11	8	0.00022068993608298742	-0.0000889448241406403
11	9	0.00020578954775189203	-0.00007337790452133439
11	10	0.00019212161088687674	-0.000057131885842804545
11	11	0.00017919753105742422	-0.000041687674310525246
11	12	0.00016684793282362317	-0.000027654580592140306
11	13	0.00015502397693311991	-0.000015226782685637559
11	14	0.000143718569172822	-4.39973611673686e-6
11	15	0.00013293561770218821	4.92288361465177e-6
11	16	0.00012267851495394535	0.000012875101572114753
11	17	0.00011294634777793838	0.000019601209365976176
11	18	0.0001037331989856839	0.000025242145430607037
11	19	0.00009502863173631036	0.000029929144918391802
11	20	0.00008681855669705425	0.000033781223194348725
12	2	0.0004392612516419078	0.00112506067640328
12	3	0.0003618037880884237	0.0003450131576846596
12	4	0.0002792212789604646	0.00006543313494339434
12	5	0.00023557490590163393	-0.000037217349331692994
12	6	0.00021228740982707041	-0.00007051900555984025
12	7	0.00019736774329092896	-0.00007542527427694753
12	8	0.00018549170274219406	-0.00006861055633333259
12	9	0.00017463286765292	-0.00005727773199143999
12	10	0.000164128605236039	-0.000044685035060875945
12	11	0.00015382309735314216	-0.00003233396058895174
12	12	0.00014372770530466148	-0.000020896685897328566
12	13	0.00013389621662893416	-0.000010637913685314714
12	14	0.0001243827239770164	-1.6188905817186491e-6
12	15	0.00011522959726360148	6.1993455380865506e-6
12	16	0.00010646580744477127	0.00001290224056662674
12	17	0.0000981084646745287	0.00001859346072578605
12	18	0.00009016508342435565	0.000023380126649655996
12	19	0.00008263575748862026	0.000027365335846801856
12	20	0.00007551501525561043	0.00003064465231908436
13	2	0.0002784948286345325	0.0010542643688397177
13	3	0.0002584743302169894	0.0003436233167191239
13	4	0.0002101730653897188	0.00008519085667909645
13	5	0.0001852922533424324	-0.000012876432510032826
13	6	0.00017264349779682727	-0.000047398970474482035
13	7	0.00016421842627407427	-0.00005535668033691975
13	8	0.00015668033415001638	-0.00005194236836504284
13	9	0.00014898664428685264	-0.000043822984866682526
13	10	0.00014097082526818338	-0.000034086224532005746
13	11	0.00013273533088975682	-0.000024204488197950037
13	12	0.00012443133007312813	-0.000014873580822732136
13	13	0.00011619163111188717	-6.39875988549298e-6
13	14	0.00010811712610839961	1.1156392954919844e-6
13	15	0.00010027934402277951	7.668459877636648e-6
13	16	0.00009272645039597521	0.00001330976401227557
13	17	0.00008548894485781561	0.000018112785463181207
13	18	0.00007858423924935154	0.00002215877861480776
13	19	0.00007202014895203777	0.000025528966200766035
13	20	0.00006579751328419373	0.000028300438300921924
14	2	0.00015078969100806546	0.0009807401706741986
14	3	0.00017559725751735859	0.0003347553169311471
14	4	0.00015430794827550002	0.00009732754858649535
14	5	0.00014423195816763105	4.948115911405878e-6
14	6	0.00013999097634507008	-0.000029508401814533868
14	7	0.00013671813574617933	-0.00003936432214396934
14	8	0.0001326409325913178	-0.000038395409066319345
14	9	0.0001274889416224253	-0.00003271993567484411
14	10	0.00012148425775988786	-0.000025224051354681813
14	11	0.00011493150447944997	-0.000017320315057394504
14	12	0.00010809127515196152	-9.70241057008217e-6
14	13	0.00010115820256348887	-2.6957608860583918e-6
14	14	0.00009426974131743872	3.5680609330620086e-6
14	15	0.00008752013523064758	9.060066564423405e-6
14	16	0.00008097244074538406	0.00001380449834732321
14	17	0.0000746674980275858	0.000017851654815850678
14	18	0.0000686303339711589	0.000021262850073300564
14	19	0.00006287469319084565	0.00002410215595993125
14	20	0.00005740626209513139	0.000026431985247479177
15	2	0.00004884891820521768	0.0009072522800023541
15	3	0.00010850124165911913	0.00032099214501783176
15	4	0.00010854073510149603	0.00010390213222856971
15	5	0.00011020743098181412	0.00001778821096495871
15	6	0.00011266957620677503	-0.000015748848327487622
15	7	0.00011353594997163565	-0.00002668231954557677
15	8	0.00011226561589289592	-0.000027452813810050586
15	9	0.00010919487693632566	-0.000023637098687940406
15	10	0.00010485089384808878	-0.0000179052608045737
15	11	0.0000996971006386249	-0.000011591639685140607
15	12	0.00009408023147321255	-5.371027138715008e-6
15	13	0.00008824372877775588	4.2490443850012664e-7
15	14	0.00008235399476974875	5.6485029784792485e-6
15	15	0.00007652329789246269	0.000010251798522145444
15	16	0.00007082652889443808	0.000014240227074437212
15	17	0.00006531275469715541	0.00001764673244358362
15	18	0.000060013067286448483	0.0000205171561608945
15	19	0.00005494594133181623	0.000022902020987232763
15	20	0.00005012093924939627	0.000024851986779789946
16	2	-0.00003271214707163195	0.0008355124518475994
16	3	0.00005381738142160397	0.000304134913759762
16	4	0.00007068529588739009	0.00010642182329696576
16	5	0.00008168641531299907	0.00002680730621849859
16	6	0.0000895206788604994	-5.254353288786924e-6
16	7	0.00009374147445338291	-0.000016679885204981006
16	8	0.00009477535665025466	-0.000018664075534690905
16	9	0.00009343441720119772	-0.00001626111557100253
16	10	0.00009048488217226155	-0.000011920992306287205
16	11	0.00008651482948261957	-6.889587774876736e-6
16	12	0.0000819388589199211	-1.8120697568737085e-6
16	13	0.00007703907806582989	2.9831289491105706e-6
16	14	0.00007200496699551179	7.340181673727152e-6
16	15	0.00006696325987509853	0.000011198572462502217
16	16	0.0000619984073804445	0.00001455013242688859
16	17	0.00005716616343865724	0.000017414654233265717
16	18	0.000052502578438020545	0.000019825915670746455
16	19	0.000048030014474578016	0.000021823668797794754
16	20	0.00004376123473888915	0.000023449098061720174
17	2	-0.00009796027816457597	0.0007665474618374353
17	3	9.049834971688586e-6	0.00028544041774023447
17	4	0.000039146626527053634	0.00010599301018535626
17	5	0.00005756261166380496	0.00003288867385776046
17	6	0.00006971177147876943	2.6529066845394687e-6
17	7	0.00007666600051660084	-8.846969356619718e-6
17	8	0.0000796079948117338	-0.000011650808759920968
17	9	0.00007972096265579678	-0.00001031578611873136
17	10	0.00007795744141444028	-7.074368330947947e-6
17	11	0.00007500283852835347	-3.0791219253520706e-6
17	12	0.00007132501789575531	1.0610409257014303e-6
17	13	0.00006723666801475529	5.027351847104781e-6
17	14	0.00006294569613701214	8.661427086161103e-6
17	15	0.00005859050978597767	0.000011894921838731453
17	16	0.000054263359379145494	0.000014709959092603145
17	17	0.00005002551372740153	0.000017116382150288942
17	18	0.000045917153419839964	0.00001913853588594835
17	19	0.00004196390678566614	0.000020807569319936998
17	20	0.0000381812454387567	0.00002215698483478567
18	2	-0.0001500254983883353	0.0007009380006771568
18	3	-0.00002769330506024728	0.00026578597877824036
18	4	0.000012730558762220544	0.00010343189986603101
18	5	0.0000370151357412203	0.00003670539482747545
18	6	0.00005262797358579768	8.50339979572267e-6
18	7	0.00006181585714679654	-2.773903688614027e-6
18	8	0.00006634738103921753	-6.100468319078875e-6
18	9	0.00006769255170950148	-5.565406052361966e-6
18	10	0.00006694766931928337	-3.190348769768371e-6
18	11	0.00006487339763210235	-3.324688054065409e-8
18	12	0.00006197904339507158	3.337069806445372e-6
18	13	0.00005860132662418185	6.615778401821106e-6
18	14	0.000054962819683105726	9.645928290077519e-6
18	15	0.000051211354885157456	0.000012354823232950005
18	16	0.00004744557627222427	0.000014717822624375868
18	17	0.00004373134145658329	0.000016737283431649172
18	18	0.00004011231511173916	0.00001843016935013344
18	19	0.00003661691309475853	0.000019820735503011597
18	20	0.00003326293978605778	0.000020936229062564178
19	2	-0.00019135453229748593	0.0006389743409868982
19	3	-0.00005787422097630916	0.0002457830996234749
19	4	-9.47726146091133e-6	0.00009934403807754465
19	5	0.000019419842304391222	0.00003877328987383816
19	6	0.00003780357413626125	0.000012713648734621862
19	7	0.000048817381997552185	1.8680997708347043e-6
19	8	0.00005467792280754292	-1.7566376210551914e-6
19	9	0.00005707367232852141	-1.8119186071867352e-6
19	10	0.000057210139300233616	-1.1768525719064254e-7
19	11	0.000055905261227246913	2.361689588381999e-6
19	12	0.000053700123111820994	5.099358233018888e-6
19	13	0.00005095010540650699	7.8072110036973e-6
19	14	0.000047889354878445486	0.000010332549504130306
19	15	0.000044673281928962554	0.000012600897837090835
19	16	0.00004140577283876229	0.00001458309215871599
19	17	0.000038156520008983226	0.00001627591411981315
19	18	0.0000349721502002256	0.000017690561291841512
19	19	0.00003188348333758376	0.000018845755419791353
19	20	0.00002891035798186669	0.000019763634553491234
20	2	-0.0002238848033940621	0.0005807583561236301
20	3	-0.00008264164047465927	0.00022585594507613555
20	4	-0.000028190588899523536	0.00009418112904200196
20	5	4.291892084730487e-6	0.000039490183573433415
20	6	0.000024877803671273617	0.00001561233391222645
20	7	0.00003738125037303868	5.343515778828504e-6
20	8	0.00004435490359734254	1.590708927101635e-6
20	9	0.00004765008200190427	1.1099387965915177e-6
20	10	0.00004855329435279881	2.2724322381927325e-6
20	11	0.000047925012972577676	4.204838945975193e-6
20	12	0.00004633014211214888	6.422868319232294e-6
20	13	0.000044138277984630564	8.656816074192999e-6
20	14	0.00004159257328921136	0.000010760203966513506
20	15	0.00003885447731350749	0.000012658679062323058
20	16	0.0000360321578463568	0.000014320267532687744
20	17	0.00003319851358075355	0.00001573766908087279
20	18	0.000030402699609738642	0.000016917596787520336
20	19	0.000027677622731226787	0.00001787433121410457
20	20	0.00002504490992234359	0.000018625829720200632