0.	Indeterminate	Indeterminate	0	0	11
0.005	-0.002814395321613445	0.02921134752772051	0.000018721223211864423	-0.00019546792333693827	16
0.01	-0.0027982263876016444	0.02958282671051473	0.00003713754623933463	-0.00039738275696593806	16
0.015	-0.0027820614285060004	0.029960602030469505	0.00005523913482944644	-0.0006059362855814358	16
0.02	-0.00276591594614424	0.03034487080526135	0.00007301628849723285	-0.0008213282867378418	16
0.025	-0.002749806269405424	0.030735837619878144	0.00009045948515669328	-0.0010437669519544703	16
0.03	-0.002733749640214927	0.031133714997609918	0.00010755937762664899	-0.001273469198557896	16
0.035	-0.0027177643109789155	0.031538723635233	0.00012430683329568617	-0.0015106611845983942	16
0.04	-0.002701869504844792	0.03195109265532504	0.00014069297239550514	-0.0017555787951514024	16
0.045	-0.0026860856183515136	0.03237106026858648	0.00015670919847458496	-0.0020084681329443055	16
0.05	-0.002670434253613208	0.03279887421933121	0.0001723472315247436	-0.0022695860453101745	16
0.055	-0.002654938352628344	0.033234792357745575	0.00018759914747915843	-0.0025392006999832464	16
0.06	-0.0026396222057272715	0.0336790828295124	0.0002024574369017451	-0.0028175921517719243	16
0.065	-0.002624511689654054	0.03413202499375265	0.00021691505636544316	-0.003105053092484847	16
0.07	-0.00260963428351629	0.03459391003128157	0.0002309654689440022	-0.0034018894206639116	16
0.075	-0.002595019245896696	0.03506504122790394	0.0002446027343323794	-0.0037084210661473133	16
0.08	-0.002580697751925284	0.03554573512305094	0.00025782155485071625	-0.0040249826953651065	16
0.085	-0.0025667030014212278	0.036036321873408377	0.00027061738723096183	-0.004351924629015039	16
0.09	-0.002553070450195191	0.036537146297359095	0.0002829864854795223	-0.004689613702068136	16
0.095	-0.0025398379182853172	0.03704856841090248	0.00029492603830371354	-0.0050384341757625	16
0.1	-0.002527045816736552	0.037570964641911876	0.00030643426143010257	-0.005398788843936908	16
0.105	-0.002514737347009825	0.03810472863194438	0.00031751052269253467	-0.00577110011517626	16
0.11	-0.0025029587256813045	0.038650272214267145	0.0003281554539473399	-0.006155811081034905	16
0.115	-0.0024917594387787977	0.039208026657171414	0.0003383711315070605	-0.006553386957295943	16
0.12	-0.0024811924452698766	0.03977844344610369	0.0003481612029071217	-0.006964316335541674	16
0.125	-0.0024713145622348963	0.04036199613870675	0.0003575311125123661	-0.007389112580719699	16
0.13	-0.002462186707965275	0.040959181273628166	0.0003664882532899462	-0.007828315552101742	16
0.135	-0.0024538743024094447	0.04157051995994419	0.0003750422169839936	-0.008282493145826991	16
0.14	-0.002446447568781091	0.04219655953090935	0.0003832050461061256	-0.008752243303580655	16
0.145	-0.002439982018118538	0.04283787491873032	0.00039099148629447847	-0.009238195703969387	16
0.15	-0.00243455889977387	0.043495071157797785	0.0003984193068855748	-0.009741014116752652	16
0.155	-0.002430265577518088	0.04416878425011157	0.00040550964596126025	-0.010261398611599923	16
0.16	-0.0024271962306231954	0.04485968439065491	0.0004122873864752562	-0.010800087929806529	16
0.165	-0.002425452395742855	0.04556847774135317	0.0004187815342415772	-0.011357862428046492	16
0.17	-0.002425143555329865	0.046295908898865576	0.00042502576290378343	-0.01193554673746551	16
0.175	-0.0024263879315542386	0.0470427634898227	0.00043105888577894824	-0.012534012938234794	16
0.18	-0.0024293132972281473	0.047809871806229434	0.000436925463206516	-0.013154184216733023	16
0.185	-0.0024340577924258956	0.04859811087972037	0.00044267645053321526	-0.013797038298323166	16
0.19	-0.002440770936414276	0.04940840891896725	0.0004483699366481615	-0.014463611784517272	16
0.195	-0.002449614729445075	0.05024174863824978	0.00045407195948694683	-0.015155004378675034	16
0.2	-0.0024607647449147643	0.05109917110720819	0.0004598574266774149	-0.01587238379726748	16
0.205	-0.00247441161352991	0.05198178105497242	0.00046581111052802163	-0.016616991162281144	16
0.21	-0.0024907623736105146	0.052890750888253596	0.00047202898645167836	-0.01739014651220402	16
0.215	-0.0025100421571651148	0.05382732678031615	0.0004786193100462001	-0.018193255619898836	16
0.22	-0.002532496058146181	0.054792834306263305	0.0004857042121469155	-0.01902781647465387	16
0.225	-0.0025583910918672605	0.05578868460562325	0.0004934213706725022	-0.019895427248647943	16
0.23	-0.0025880185835239107	0.05681638214125215	0.0005019258828284313	-0.020797794712154982	16
0.235	-0.002621696691968073	0.057877532307787055	0.0005113923974416198	-0.02173674351989583	16
0.24	-0.0026597733069397174	0.05897384993955061	0.0005220175343610082	-0.022714226390115905	16
0.245	-0.0027026292909611213	0.060107169326412684	0.0005340226612321249	-0.023732335830256048	16
0.25	-0.0027506821476567106	0.06127945424497234	0.0005476571097398387	-0.024793316368683406	16
0.255	-0.0028043902129345627	0.06249281086630266	0.0005632013760788661	-0.025899578965260087	16
0.26	-0.0028642572365818776	0.06374949970336355	0.0005809717310229466	-0.02705371644791408	16
0.265	-0.0029308377952804755	0.06505195089232542	0.0006013245705978852	-0.028258520938931928	16
0.27	-0.003004743329938442	0.06640278079152337	0.0006246618562192356	-0.029517003525833273	16
0.275	-0.0030866490003024355	0.06780480983862672	0.0006514372780170785	-0.030832415953837934	16
0.28	-0.0031773016041169964	0.06926108349730398	0.0006821633456504401	-0.03220827515177	16
0.285	-0.0032775286251201102	0.07077489493116866	0.0007174196313390387	-0.03364839072318561	16
0.29	-0.0033882485745445057	0.07234981182014165	0.0007578621194657452	-0.03515689648942598	16
0.295	-0.003510482957921895	0.07398970485981225	0.0008042347452172065	-0.036738285063850525	16
0.3	-0.003645370119585451	0.07569878192589582	0.0008573815699600158	-0.03839744817232227	16
0.305	-0.0037941812407756847	0.07748162614857333	0.000918262213997675	-0.04013972209759141	16
0.31	-0.003958338990548694	0.07934323825071687	0.00098796938996314	-0.04197093908913717	16
0.315	-0.004139439199391911	0.08128908667894216	0.001067749514922934	-0.04389748670815845	16
0.32	-0.004339276360157896	0.08332516466065334	0.0011590271586925122	-0.04592637622014801	16
0.325	-0.00455987354390892	0.08545805447201336	0.0012634339034171584	-0.04806532011976089	16
0.33	-0.0048035176706461725	0.08769500380966774	0.0013828428493347523	-0.05032282322787067	16
0.335	-0.005072801369006641	0.09004401247692267	0.001519408820820461	-0.05270828717709712	16
0.34	-0.005370672757248941	0.09251393528134226	0.0016756184127970112	-0.05523213322617582	16
0.345	-0.005700494964382099	0.09511459950835839	0.001854348431400703	-0.05790594447275238	16
0.35	-0.0060661176912637435	0.0978569459270636	0.002058937394403465	-0.06074263434236292	16
0.355	-0.00647195927226492	0.10075319292871387	0.002293267984418054	-0.0637566444420982	17
0.36	-0.006923128894024045	0.10381703273679896	0.0025618898281666094	-0.06696418113327417	17
0.365	-0.007425529520936202	0.10706386376189254	0.002870125762049827	-0.07038349398542423	17
0.37	-0.007986032426108867	0.11051107079001041	0.0032242494949971928	-0.07403521375733908	17
0.375	-0.008612668466138708	0.11417836124631761	0.0036316816675284773	-0.07794275773628943	17
0.38	-0.00931487182922558	0.11808817529919648	0.004101242825221696	-0.08213282351642526	17
0.385	-0.010103786707743008	0.12226618642922667	0.004643472083907092	-0.08663599207110018	17
0.39	-0.010992655826864244	0.1267419188977846	0.0052710336662106765	-0.09148747214364861	17
0.395	-0.01199731790342697	0.13154951350732047	0.005999239871066415	-0.09672802354427033	17
0.4	-0.01313685045125431	0.13672868787570142	0.0068467310731479825	-0.10240511576748955	17
0.405	-0.01443441018771566	0.14232595489934735	0.007836366710691	-0.10857439571786723	17
0.41	-0.015918343983067646	0.14839617606019803	0.008996413634329898	-0.11530156265229904	17
0.415	-0.01762366772342397	0.15500457153438832	0.010362153051365959	-0.12266479199749306	18
0.42	-0.019594129890854337	0.16222937175196567	0.011978026287576072	-0.13075793078652428	18
0.425	-0.02188495301463641	0.17016530645529493	0.01390071064662482	-0.13969470896771724	18
0.43	-0.02456679773493067	0.17892834927956366	0.016203356282313917	-0.149614458010249	19
0.435	-0.027731438297406645	0.18866223248436054	0.018981820488880384	-0.16068995986134005	19
0.44	-0.031500024573537996	0.1995475626907269	0.022363700190776777	-0.17313843711844584	19
0.445	-0.03603564747334047	0.21181491348511378	0.026522173520087837	-0.1872373209961277	19
0.45	-0.04156282646072758	0.2257640825840616	0.031697537120558714	-0.20334744032288288	20
0.455	-0.04839903166151026	0.2417933206747993	0.03823210984362028	-0.22194820173395088	20
0.46	-0.05700758551046917	0.26044520172431457	0.046629120464085724	-0.24369277605491008	21
0.465	-0.0680917366060465	0.28248183723879855	0.05765761054691757	-0.26949854573813475	21
0.47	-0.08277227079753081	0.3090143641524404	0.0725511307452312	-0.3007027886405304	22
0.475	-0.10295244831682043	0.3417402769637655	0.09341693953341632	-0.33934802772904105	23
0.48	-0.13215291603630547	0.3834124806598722	0.12417420751403747	-0.3887465124665142	24
0.485	-0.177737337980326	0.4388562666634668	0.17305913298271747	-0.4547079310477019	26
0.49	-0.2584043411858151	0.5173851433470588	0.26106725715812745	-0.5484880987705392	28
0.495	-0.44266114735030915	0.6371518944312742	0.4653276062391586	-0.6926062108949279	34