0.	-0.1275277337998763	0.07847053307976391	0	0	11
0.005	-0.12734910475426198	0.07793783118573491	-0.0007934001238201696	0.000476777552009825	16
0.01	-0.12719297052887915	0.0774226634193186	-0.001684769556458406	0.0010227747618310186	16
0.015	-0.1270491292771712	0.07691687170554243	-0.0025158586062448847	0.0015172172412361907	16
0.02	-0.12692071709080993	0.07642271277277078	-0.003340008547518324	0.0020006584729367694	16
0.025	-0.12680764766838268	0.07593995254652632	-0.0041575082204588065	0.002473479416512649	16
0.03	-0.12670985094701706	0.07546836341764439	-0.004968691300038796	0.0029359845819083457	16
0.035	-0.12662727038532082	0.0750077281230278	-0.0057738909252375145	0.003388467726324508	16
0.04	-0.12655985848427453	0.0745578452829916	-0.006573432278963679	0.003831211963825304	17
0.045	-0.12650759109373597	0.07411850459381257	-0.007367634693866053	0.0042644895961731	17
0.05	-0.12647044706304295	0.07368952363639444	-0.008156817029496884	0.004688566723682974	17
0.055	-0.1264484209555113	0.07327072271206847	-0.00894128910055466	0.005103698633640576	17
0.06	-0.1264415204659367	0.07286193100718541	-0.0097213603207642	0.005510133819271905	17
0.065	-0.12644976614822764	0.07246298627144668	-0.010497335287679014	0.00590811235752434	17
0.07	-0.12647319169230586	0.07207373469319486	-0.011269516581370582	0.006297867283366864	17
0.075	-0.12651184369814522	0.07169403049339745	-0.012038202648361281	0.0066796238817483184	17
0.08	-0.1265657824812992	0.07132373613722587	-0.012803693182831262	0.007053601950806105	17
0.085	-0.1266350816560343	0.07096272185669247	-0.013566284549354391	0.0074200141642564565	17
0.09	-0.12671982832510356	0.0706108655108508	-0.014326270070915212	0.0077790663370072375	17
0.095	-0.1268201240124375	0.07026805284300566	-0.015083945528256173	0.008130959655276592	17
0.1	-0.12693608430900327	0.06993417698137072	-0.015839605721696088	0.008475889455387804	17
0.105	-0.12706783945896763	0.06960913858092006	-0.016593544917183956	0.008814045518250482	17
0.11	-0.12721553483217807	0.06929284574893416	-0.017346059799772218	0.009145613203874116	17
0.115	-0.1273793310057828	0.06898521387858182	-0.01809744596158753	0.009470772410814444	17
0.12	-0.12755940443856015	0.06868616571949654	-0.018848000986091885	0.009789698560827871	17
0.125	-0.127755948164813	0.06839563143423413	-0.01959802618985345	0.010102563432422865	17
0.13	-0.1279691669935311	0.06811355393050707	-0.02034782500494427	0.010409535739578615	18
0.135	-0.12819929800290256	0.06783986727114456	-0.021097703829912454	0.010710776956815358	18
0.14	-0.12844658231219078	0.06757452915490868	-0.021847973440208755	0.011006448535137455	18
0.145	-0.128711284244211	0.06731749930336316	-0.02259894559236578	0.011296706344459118	18
0.15	-0.1289936884895697	0.06706874528803025	-0.023350942502775134	0.011581705134942184	18
0.155	-0.12929409973227185	0.06682824217949004	-0.02410428633913802	0.011861594808647371	18
0.16	-0.12961284462103487	0.06659597305307122	-0.02485930955045506	0.012136524056094502	18
0.165	-0.12995027224654898	0.0663719289884462	-0.0256163499723636	0.012406638614333765	18
0.17	-0.13030675527195	0.06615610927257536	-0.026375751425124275	0.012672081545488708	18
0.175	-0.13068269129445761	0.06594852164695114	-0.027137867323170972	0.012932994136755468	18
0.18	-0.13107850426765755	0.06574918261043591	-0.027903061400194436	0.01318951650345448	18
0.185	-0.13149464543928172	0.0655581175652664	-0.028671704211016013	0.013441786094140715	18
0.19	-0.13193158912373917	0.06537536574979705	-0.029444177002737233	0.01368994046251442	19
0.195	-0.1323898588646026	0.06520096269525855	-0.030220880863047434	0.01393411439454107	19
0.2	-0.13286999275546008	0.06503496733061417	-0.031002218280917034	0.014174442304253517	19
0.205	-0.13337256967437794	0.0648774447334461	-0.03178861247953203	0.014411058848709211	19
0.21	-0.13389820507326838	0.06472847094848151	-0.03258049993193283	0.014644097738811215	19
0.215	-0.13444755363038902	0.06458813362052601	-0.03337833313443785	0.014873692491964404	19
0.22	-0.13502131176910426	0.06445653256054303	-0.03418258345114031	0.015099977191282223	19
0.225	-0.1356202204940371	0.06433378046321224	-0.03499374111825171	0.015323086305980546	19
0.23	-0.1362450683408113	0.0642200036150325	-0.03581231674545674	0.015543154980821594	19
0.235	-0.13689669481365205	0.06411534273801041	-0.0366388431161648	0.01576031938953139	19
0.24	-0.13757598611789526	0.06401995701211828	-0.037473876469664234	0.015974718453881123	20
0.245	-0.13828391030662035	0.06393401238646282	-0.038318005308974105	0.016186489970839386	20
0.25	-0.13902147630813574	0.06385770216153391	-0.039171842136204796	0.016395777546758507	20
0.255	-0.13978976813571936	0.06379123502831786	-0.040036030631161616	0.01660272563208127	20
0.26	-0.14058994344941766	0.0637348398480137	-0.040911251285088	0.01680748286902643	20
0.265	-0.1414232391502779	0.06368876714261074	-0.04179821948825646	0.01701020103257784	20
0.27	-0.14229097809506625	0.06365329082658398	-0.04269769203638448	0.0172110365873435	20
0.275	-0.1431945678114932	0.0636287118237479	-0.04361046841806674	0.01741015195748736	21
0.28	-0.1441355425778261	0.06361535286863475	-0.04453740315155503	0.017607713150042878	21
0.285	-0.1451155222933337	0.06361357257406858	-0.04547939370499969	0.01780389405046419	21
0.29	-0.1461362558304241	0.0636237599940276	-0.04643740229359555	0.017998876556840335	21
0.295	-0.14719962325441996	0.06364633964163237	-0.0474124500393846	0.018192849706483914	21
0.3	-0.14830764953454814	0.06368177496064878	-0.04840563238422917	0.01838601329033345	21
0.305	-0.14946250785322474	0.06373057189076964	-0.04941811365452809	0.018578576613053812	22
0.31	-0.1506665745225666	0.06379328290021438	-0.05045115479016892	0.018770761267638075	22
0.315	-0.1519223912306609	0.06387051368040948	-0.051506102371423695	0.01896280363455076	22
0.32	-0.15323272124270404	0.0639629267112446	-0.052584406703236185	0.019154954019275753	22
0.325	-0.15460056371776648	0.06407124827755015	-0.05368763176915701	0.019347480158073117	22
0.33	-0.15602917071998698	0.06419627325892842	-0.05481747297567867	0.01954067047803104	23
0.335	-0.15752211702737978	0.06433888153113732	-0.055975772159406446	0.019734835286030566	23
0.34	-0.159083275870888	0.06450003751860371	-0.05716452181460132	0.019930309385767838	23
0.345	-0.1607168981612357	0.06468080677112084	-0.058385902370198646	0.02012745787968256	23
0.35	-0.16242763762327983	0.06488236299960153	-0.059642285256094135	0.020326675338093094	24
0.355	-0.1642206482028689	0.0651060194755773	-0.06093629135476814	0.020528399839336263	24
0.36	-0.1661015839740336	0.06535322496027388	-0.06227078029278387	0.020733107137217845	24
0.365	-0.16807670405227512	0.06562559101201307	-0.06364891201767968	0.020941322668061473	25
0.37	-0.17015299005523796	0.06592493520681564	-0.06507419686963789	0.02115363455169657	25
0.375	-0.17233819020283705	0.06625328150646721	-0.06655051689827697	0.021370691771164158	25
0.38	-0.17464097254078506	0.06661290349812475	-0.06808221222011324	0.02159322142760869	26
0.385	-0.17707110225693223	0.06700639399933489	-0.06967414495725141	0.02182204707380796	26
0.39	-0.17963955604066636	0.0674366643899402	-0.07133177826439743	0.02205809109002549	27
0.395	-0.18235881441864174	0.06790706599284131	-0.0730612981487834	0.022302412215515304	27
0.4	-0.1852430620506344	0.06842140574667627	-0.07486972499361184	0.022556210065075157	28
0.405	-0.1883085915422419	0.06898410753581036	-0.076765104216088	0.022820880483788088	28
0.41	-0.19157415766797387	0.06960026196864764	-0.07875666900029156	0.02309802402605518	29
0.415	-0.19506157513432504	0.07027585862134866	-0.08085514496405664	0.02338953025239559	29
0.42	-0.1987963438427916	0.07101789497744843	-0.08307303354459254	0.02369760248346081	30
0.425	-0.20280858977486735	0.07183471981903966	-0.08542507542325592	0.024024877036350215	31
0.43	-0.20713421558093148	0.07273632390315384	-0.08792880150448015	0.024374513270290145	32
0.435	-0.21181649045406953	0.07373481480496612	-0.09060529228940893	0.024750347590703672	33
0.44	-0.21690822125699555	0.07484505093840896	-0.09348022348808528	0.0251571004681822	34
0.445	-0.22247479294572794	0.07608553402326267	-0.09658530826976496	0.025600664201096957	35
0.45	-0.22859854646017155	0.0774796959846962	-0.09996040842716518	0.026088526562295933	36
0.455	-0.2353852732850881	0.07905779524327837	-0.1036566030176768	0.02663038200716358	38
0.46	-0.24297418410271288	0.08085992992532659	-0.10774095361343153	0.02723912716610518	40
0.465	-0.2515539599733235	0.08294074891365635	-0.11230413744591912	0.02793240035634271	42
0.47	-0.2613899900718719	0.08537757664498762	-0.11747334211736743	0.028735243527061416	45
0.475	-0.2728739183073938	0.0882852873364156	-0.12343575351053707	0.029685004238390343	49
0.48	-0.28662262750297135	0.09184603165536143	-0.1304853334432139	0.030841128768853573	54
0.485	-0.30370341242913623	0.09637715634204913	-0.1391290249660984	0.03230758249929658	61
0.49	-0.32625931249219015	0.10252068111897811	-0.1503810899635642	0.034295524348037114	72
0.495	-0.3600060868432374	0.11200314775235162	-0.16693546662841255	0.037375007336466474	98