0.	-0.029271283993709478	0.06122260596233727	0	0	11
0.005	-0.029083057792744567	0.06044960542091494	-0.0002902423264478103	0.0006025573119012054	17
0.01	-0.028897217896553296	0.05969250621875978	-0.0005756122339420582	0.0011862197185009793	17
0.015	-0.02871358059470048	0.05895050870476793	-0.0008562064823603602	0.0017516205288232657	17
0.02	-0.028532108355479313	0.0582231854359444	-0.00113211948979716	0.0022993675316567985	17
0.025	-0.028352764555391888	0.05751012479718848	-0.0014034434046800775	0.002830044239277445	17
0.03	-0.028175513306434988	0.056810930228111074	-0.0016702681761484256	0.0033442110337728453	17
0.035	-0.02800031934504054	0.056125219216136946	-0.0019326815805177156	0.003842406237755863	17
0.04	-0.027827148392981033	0.055452623358055744	-0.0021907693272580327	0.004325147203621355	17
0.045	-0.027655966697406054	0.05479278702786954	-0.0024446150746215856	0.004792931225020753	17
0.05	-0.02748674133269256	0.054145367317262	-0.0026943005149218883	0.005246236509987098	17
0.055	-0.027319439897151115	0.05351003307155704	-0.0029399053952853774	0.005685523001162573	17
0.06	-0.027154028334228662	0.05288646662425102	-0.003181507317476894	0.006111233465940979	18
0.065	-0.02699048044846636	0.05227435572756288	-0.00341918287901276	0.006523793435442188	18
0.07	-0.02682876343449135	0.05167340394221642	-0.0036530060904056967	0.006923613099211119	18
0.075	-0.026668847796531385	0.051083323480074536	-0.0038830495559288914	0.007311087373120217	18
0.08	-0.02651070422356941	0.05050383576170353	-0.004109384116251499	0.0076865965471592775	18
0.085	-0.026354304320266253	0.04993467177168852	-0.0043320790455739	0.008050507117938352	18
0.09	-0.026199620045886884	0.04937557112803273	-0.00455120197615702	0.00840317223191942	18
0.095	-0.026046624063866177	0.04882628215974294	-0.004766819021766343	0.008744932372108775	18
0.1	-0.0258952895430355	0.04828656123587485	-0.004978994779900841	0.009076115829219942	18
0.105	-0.025745590127525433	0.047756172555962574	-0.005187792362419126	0.009397039224300161	18
0.11	-0.025597500137999617	0.0472348879901738	-0.00539327349103874	0.009708008060597259	18
0.115	-0.025450994206552162	0.04672248642076856	-0.005595498442121433	0.010009317070166349	18
0.12	-0.025306045208474442	0.04621875516668527	-0.005794525649242092	0.010301251099451987	19
0.125	-0.025162633459476114	0.045723484153619126	-0.005990413718973145	0.010584084173851625	19
0.13	-0.02502073305418836	0.04523647390200792	-0.006183218567210129	0.010858081897469223	19
0.135	-0.02488032054122949	0.04475752954717148	-0.006372995241444386	0.011123500406306216	19
0.14	-0.024741373059213187	0.044286462287663295	-0.0065597976212448585	0.011380587213838736	19
0.145	-0.024603868307347596	0.04382308917398629	-0.0067436784324124525	0.011629581532804259	19
0.15	-0.024467784084615488	0.043367232425432466	-0.0069246891293013885	0.011870714430110865	19
0.155	-0.02433309888734431	0.042918719847950676	-0.007102880129508395	0.012104209391725004	19
0.16	-0.024199791500556928	0.042477384242623144	-0.007278300708313165	0.01233028246258974	19
0.165	-0.024067841300480505	0.04204306348417021	-0.007450999147401914	0.01254914266867282	19
0.17	-0.023937225207110654	0.04161560061184822	-0.00762102177656767	0.01276099229547114	20
0.175	-0.02380792826872829	0.04119484137459004	-0.007788416289255267	0.012966026485833355	20
0.18	-0.02367992836669238	0.04078063789882686	-0.007953227081291626	0.013164434658735406	20
0.185	-0.02355320637467495	0.040372846044602936	-0.008115498403075287	0.013356400047622247	20
0.19	-0.02342774346862949	0.03997132572148936	-0.008275273535562304	0.01354210000294164	20
0.195	-0.023303520881669947	0.03957594054689019	-0.008432594704712333	0.01372170610506956	20
0.2	-0.023180520596742242	0.03918655831054333	-0.0085875034289085	0.013895384719125908	20
0.205	-0.023058724827703454	0.03880305042918672	-0.008740040301011456	0.01406329694277051	20
0.21	-0.02293811326990356	0.03842529176336271	-0.008890243963664717	0.014225598769096166	21
0.215	-0.02281867378945139	0.03805316033402187	-0.009038155188756787	0.014382441265919865	21
0.22	-0.02270038704480841	0.0376865380607345	-0.009183811128914435	0.014533971041952568	21
0.225	-0.022583236423434197	0.03732530982903685	-0.009327249037476268	0.01468033011119341	21
0.23	-0.022467205718593647	0.03696936371334893	-0.009468505459376221	0.014821656220305339	21
0.235	-0.022352278948579156	0.03661859075329077	-0.009607616135187496	0.014958082882442101	21
0.24	-0.02223844035105741	0.036272884834121784	-0.00974461604895782	0.015089739558504662	21
0.245	-0.02212567197256641	0.03593214234248642	-0.00987953840272436	0.015216751724879126	22
0.25	-0.0220139634365519	0.03559626318523553	-0.010012418795427792	0.015339241321018096	22
0.255	-0.02190329760543365	0.03526514937767617	-0.010143289191565954	0.015457326578754493	22
0.26	-0.021793659840123367	0.034938705561087094	-0.010272181818436345	0.015571122222355887	22
0.265	-0.02168503579706558	0.034616838878769	-0.010399128273070102	0.015680739623090738	22
0.27	-0.02157740896398563	0.0342994581728997	-0.010524158347140808	0.01578628655165053	23
0.275	-0.02147076997052008	0.03398647628429497	-0.010647304471448026	0.01588786838656069	23
0.28	-0.021365102998532105	0.03367780686409341	-0.010768595343260398	0.015985586861363164	23
0.285	-0.021260394692497617	0.033373366203896374	-0.010888060101371732	0.016079540966781082	23
0.29	-0.02115663189822238	0.03307307268260744	-0.011005727293229583	0.01616982685022145	23
0.295	-0.021053799431252563	0.03277684561837879	-0.01112162372771638	0.016256537363422936	24
0.3	-0.020951888749033087	0.03248460908620141	-0.011235778944850526	0.016339764036884377	24
0.305	-0.020850885522514646	0.03219628679459342	-0.011348218933926464	0.016419594819244453	24
0.31	-0.02075077720801441	0.03191180475472018	-0.01145896988069298	0.016496115274965615	24
0.315	-0.020651549865337487	0.031631089726517445	-0.011568056611674012	0.016569408094775973	25
0.32	-0.020553195473213583	0.031354073628294	-0.011675506564641537	0.016639555393311863	25
0.325	-0.020455700441425854	0.03108068692662453	-0.011781343542753366	0.016706635403625877	25
0.33	-0.02035905328170482	0.030810862702610034	-0.011885591901358175	0.01677072469659953	25
0.335	-0.02026324102763117	0.03054453394251557	-0.011988274575033708	0.016831896843488858	26
0.34	-0.020168255861366394	0.0302816398078562	-0.012089416844521092	0.016890225776943366	26
0.345	-0.020074085346872824	0.030022116830104754	-0.012189040881651701	0.01694578139743189	26
0.35	-0.019980717128553555	0.029765902236706845	-0.012287168217585001	0.016998631083814567	27
0.355	-0.01988814367203372	0.02951294005025147	-0.012383822800919823	0.017048843455564257	27
0.36	-0.01979635304195545	0.0292631708096621	-0.012479025405753713	0.01709648260933413	27
0.365	-0.019705333865293037	0.029016535631569768	-0.012572796569008724	0.017141610392491888	28
0.37	-0.019615078661927358	0.0287729832721895	-0.012665158849904028	0.017184290767597685	28
0.375	-0.01952557508400513	0.02853245557228502	-0.01275613110302465	0.01722458107956744	29
0.38	-0.019436815593682655	0.028294903711068718	-0.01284573492398741	0.01726254211403089	29
0.385	-0.019348788747539192	0.028060272034235677	-0.012933988770208214	0.017298228137383576	30
0.39	-0.019261486743386135	0.02782851415902667	-0.01302091313946005	0.017331696982528077	30
0.395	-0.019174899117327962	0.027599576583679952	-0.013106526212576287	0.0173629999163315	31
0.4	-0.019089017563097797	0.027373415430148137	-0.013190847237262437	0.017392192094798985	31
0.405	-0.019003832555023643	0.02714997891729202	-0.013273894093587174	0.017419321679925895	32
0.41	-0.018919335667741618	0.026929223403665645	-0.013355685101394371	0.017444440057514932	33
0.415	-0.018835518244632088	0.026711103777399398	-0.01343623794387887	0.01746759573175386	34
0.42	-0.018752371281389256	0.026495578008302656	-0.01351556970176783	0.017488837389039565	34
0.425	-0.018669887028578774	0.026282598565855398	-0.013593697755871931	0.017508208167891788	35
0.43	-0.018588056821086683	0.026072125486087176	-0.01367063859807914	0.01752575446393599	36
0.435	-0.01850687261531177	0.025864117537112184	-0.013746408783851177	0.01754152019478021	37
0.44	-0.018426327541858314	0.02565853223431886	-0.013821025166136121	0.017555546516136646	39
0.445	-0.018346411337318277	0.02545533409645585	-0.013894502054745787	0.017567878004170714	40
0.45	-0.018267118611311955	0.025254480620946727	-0.013966856584562367	0.01757855248972693	42
0.455	-0.018188438719459486	0.025055937370913415	-0.01403810204047861	0.01758761219332507	43
0.46	-0.01811036919881314	0.024859662657724754	-0.014108256915571124	0.017595092147707898	46
0.465	-0.018032896675944945	0.02466562426811978	-0.01417733180098844	0.017601033255996323	48
0.47	-0.01795601759921203	0.02447378409192483	-0.014245343851016713	0.017605470262031405	51
0.475	-0.017879724633263303	0.02428410754694678	-0.014312307242672049	0.01760843919707317	55
0.48	-0.017804012243557498	0.024096561110633078	-0.014378237159011108	0.0176099753779063	61
0.485	-0.017728867981200297	0.023911111483808572	-0.014443143197885344	0.01761011329998915	68
0.49	-0.01765425717899196	0.023727713341172744	-0.014507016459130533	0.017608877074281385	81
0.495	-0.017581074712030475	0.023545436081580454	-0.01457055328943285	0.01760556018873717	111