0.	Indeterminate	Indeterminate	0	0	11
0.005	0.0005508621701007712	0.012313987697341357	2.79706268452743e-6	0.00007636706724341819	18
0.01	0.0005073215565076115	0.012110751429297177	6.524051040785382e-6	0.00016030806539751204	18
0.015	0.00046455466838167883	0.011910579537466246	8.784217561764491e-6	0.00023562663032704553	18
0.02	0.00042260355455925585	0.011713705771993788	0.000010397270346862412	0.0003078534420573339	18
0.025	0.0003814588510653912	0.01152003382502718	0.000011396082944836625	0.00037707917139390785	18
0.03	0.00034111108452110524	0.0113294702143254	0.000011806159168454189	0.00044339200380938773	18
0.035	0.00030155107703002705	0.011141926060962024	0.000011652125806122182	0.0005068771439983817	18
0.04	0.00026276993637551135	0.010957314884416522	0.00001095800788880773	0.000567616354388756	18
0.045	0.00022475913165754657	0.010775552689992932	9.747262569484682e-6	0.0006256881876176034	18
0.05	0.00018751033802720356	0.01059655946350424	8.042734386227708e-6	0.0006811686779084377	19
0.055	0.00015101561188944016	0.010420258062873979	5.866784420360685e-6	0.0007341306795568419	19
0.06	0.0001152672926229099	0.01024657312248231	3.241223079095308e-6	0.0007846445738404937	19
0.065	0.00008025801502451347	0.010075432171765972	1.8737604045237447e-7	0.0008327780852433117	19
0.07	0.000045980687235650484	0.009906765525407181	-3.273917198684279e-6	0.0008785965876568697	19
0.075	0.000012428580839357606	0.009740505005310013	-7.1222524405845805e-6	0.0009221629257147723	19
0.08	-0.000020404813146490154	0.009576585899585086	-0.000011337706699218232	0.0009635380514013264	19
0.085	-0.000052525700059567054	0.009414945038203266	-0.000015900760465375953	0.0010027806034502748	19
0.09	-0.0000839399182111073	0.009255520551946438	-0.000020792270596296564	0.0010399469663527898	19
0.095	-0.00011465310558114034	0.009098253963665643	-0.00002599352592924409	0.0010750919349287356	19
0.1	-0.00014467055790184534	0.008943087876571634	-0.00003148617340096015	0.0011082682965865946	19
0.105	-0.000173997314870015	0.008789966958768517	-0.00003725221246105346	0.0011395270274609179	19
0.11	-0.00020263821235031983	0.00863883751630275	-0.00004327401632212252	0.0011689174858008345	20
0.115	-0.00023059755759405722	0.008489648322643085	-0.000049534223798358863	0.0011964873618971988	20
0.12	-0.0002578795561812377	0.008342348534121156	-0.00005601581687264507	0.0012222826339074165	20
0.125	-0.00028448813625537445	0.008196889825064186	-0.00006270209467732564	0.0012463480083614088	20
0.13	-0.0003104269020487681	0.008053225234478972	-0.00006957663828088335	0.001268726752221038	20
0.135	-0.00033569917497508657	0.007911308976489641	-0.00007662327341287746	0.0012894605708269821	20
0.14	-0.0003603080329622056	0.0077710971978604566	-0.00008382612260378569	0.0013085901018944116	20
0.145	-0.0003842562069870802	0.007632546361065414	-0.00009116949919422837	0.0013261543288927069	20
0.15	-0.0004075463493969809	0.007495615618218442	-0.00009863804896393074	0.001342191566246975	21
0.155	-0.00043018048900142275	0.007360264825612348	-0.00010621652120395696	0.0013567385867129483	21
0.16	-0.00045216065786200495	0.007226455092308459	-0.00011388997005541365	0.0013698312843593004	21
0.165	-0.0004734885386784562	0.007094148771129093	-0.0001216436237349008	0.0013815044309228532	21
0.17	-0.0004941655293420337	0.006963309176826229	-0.00012946287921192332	0.0013917916770060249	21
0.175	-0.0005141927430551735	0.006833900832032682	-0.00013733333501059306	0.0014007257853395209	21
0.18	-0.0005335710754510023	0.006705889783426662	-0.00014524077809949037	0.0014083387468064174	21
0.185	-0.0005523010780321717	0.006579242359991336	-0.00015317110850029232	0.001414661362587283	21
0.19	-0.000570383185670687	0.006453926077823598	-0.0001611104244544756	0.0014197236762620881	22
0.195	-0.0005878172827049571	0.006329911142192144	-0.00016904495834182758	0.0014235554849578252	22
0.2	-0.0006046031651268362	0.0062071662623248685	-0.00017696102248233663	0.0014261849331506113	22
0.205	-0.0006207403896817706	0.006085662624877499	-0.00018484512821317933	0.0014276400164130525	22
0.21	-0.0006362281335877329	0.005965371766411825	-0.00019268385588211087	0.0014279478199849256	22
0.215	-0.0006510653873210738	0.0058462663867817465	-0.00020046391179374522	0.0014271348069322233	22
0.22	-0.0006652509707918584	0.005728319629708003	-0.0002081721363782613	0.0014252267412802949	23
0.225	-0.0006787830731952126	0.005611506641782178	-0.00021579537801595704	0.0014222490506399874	23
0.23	-0.000691659919203497	0.005495802271017219	-0.00022332063255813732	0.0014182262854808745	23
0.235	-0.0007038793911677255	0.005381182488986228	-0.0002307349543694883	0.0014131825066502632	23
0.24	-0.0007154390841390456	0.0052676241516919605	-0.00023802547598824226	0.0014071413144928985	23
0.245	-0.0007263364667038951	0.005155104772202571	-0.00024517943224802464	0.0014001257606599	24
0.25	-0.000736568359936772	0.0050436032906588735	-0.0002521840177974974	0.0013921586514406674	24
0.255	-0.00074613163640544	0.0049330985142055535	-0.00025902654905526386	0.001383262031086802	24
0.26	-0.0007550228179245878	0.004823570606969458	-0.0002656943949354798	0.0013734577866931752	24
0.265	-0.0007632381526102817	0.004715000244566144	-0.00027217494129952804	0.0013627672808280088	24
0.27	-0.0007707737295635309	0.0046073683481794876	-0.0002784556459940995	0.0013512113982631633	25
0.275	-0.0007776249799778855	0.0045006578106534505	-0.00028452390732405466	0.0013388110848287676	25
0.28	-0.0007837874722314278	0.00439485151712598	-0.0002903672544010667	0.0013255867360940862	25
0.285	-0.0007892562461639979	0.004289932143899672	-0.00029597312708293336	0.0013115581056940904	25
0.29	-0.0007940264489092064	0.004185884434504753	-0.0003013291544339861	0.0012967452094527832	26
0.295	-0.0007980922657369602	0.00408269310981488	-0.0003064227172877046	0.0012811674869122305	26
0.3	-0.0008014482192727163	0.003980344067871169	-0.0003112414390734583	0.0012648444138276147	26
0.305	-0.0008040884058328783	0.003878822509602692	-0.00031577284385628446	0.0012477947040292663	27
0.31	-0.0008060063393622138	0.0037781160766380472	-0.00032000440378924925	0.0012300375229282394	27
0.315	-0.0008071955811980015	0.0036782119014108577	-0.0003239236788734774	0.0012115915026405001	27
0.32	-0.0008076495029523741	0.0035790978344406145	-0.0003275182391982595	0.0011924750708420047	28
0.325	-0.0008073605700145979	0.003480761900539424	-0.00033077540929843244	0.0011727063476867305	28
0.33	-0.0008063216148182378	0.0033831940727988715	-0.000333682791584296	0.0011523039065811484	28
0.335	-0.0008045250490458537	0.003286383280990386	-0.00033622784607691635	0.0011312855038916184	29
0.34	-0.0008019624348472931	0.003190319401960698	-0.0003383978254609175	0.0011096689396566542	29
0.345	-0.000798625760300569	0.003094993191478582	-0.00034018024521974873	0.0010874721075218039	30
0.35	-0.0007945059733556915	0.0030003951899154517	-0.00034156226085750753	0.00106471242645112	30
0.355	-0.0007895943846886182	0.002906517298452691	-0.00034253130517471414	0.0010414076805311371	31
0.36	-0.0007838811314453022	0.002813350220870573	-0.0003430743577605854	0.0010175748192574683	31
0.365	-0.0007773566469418737	0.002720885704886109	-0.0003431786139667015	0.0009932309940826833	32
0.37	-0.0007700103646918357	0.0026291160304420303	-0.0003428309699806063	0.0009683933410600779	32
0.375	-0.0007618316908212713	0.0025380321049156274	-0.0003420182961843412	0.0009430781655757694	33
0.38	-0.0007528091451918873	0.0024476265478941936	-0.00034072727035913686	0.0009173023347493556	34
0.385	-0.0007429305374562237	0.002357890045982748	-0.00033894423556112696	0.0008910816333951627	34
0.39	-0.0007321834612770152	0.0022688139523443416	-0.0003366555442121629	0.0008644319754946103	35
0.395	-0.0007205541193963964	0.0021803879098032746	-0.00033384696496130807	0.0008373683430558563	36
0.4	-0.0007080279003598909	0.002092600694047178	-0.00033050396000469336	0.0008099051987589789	37
0.405	-0.0006945891296640931	0.0020054412286228244	-0.00032661159189775957	0.0007820568888749853	38
0.41	-0.0006802204184191634	0.0019188937207835824	-0.0003221540736016838	0.0007538355852541373	39
0.415	-0.0006649028694516987	0.0018329427522555284	-0.00031711503865260686	0.0007252534795943744	40
0.42	-0.0006486151030112557	0.0017475673580058181	-0.00031147687283329206	0.0006963202144988674	41
0.425	-0.0006313330757889204	0.0016627428854143402	-0.0003052206996801809	0.0006670437017312138	42
0.43	-0.0006130293276318238	0.001578439375982131	-0.00029832596309223736	0.0006374294068632128	44
0.435	-0.0005936714242583341	0.0014946184761268333	-0.00029076961441464445	0.0006074790213456548	46
0.44	-0.0005732211274365489	0.0014112331819516521	-0.0002825256817152863	0.0005771903202706339	47
0.445	-0.0005516322346034305	0.0013282206188979578	-0.00027356399025430797	0.000546553996653137	50
0.45	-0.0005288473214909461	0.0012455017200843422	-0.0002638486692191317	0.0005155535552539128	52
0.455	-0.0005047938980823956	0.0011629683990852422	-0.0002533358055449698	0.0004841595915234175	55
0.46	-0.00047937727554547935	0.0010804752202539973	-0.00024196984650288138	0.0004523261791312271	58
0.465	-0.00045247074234130286	0.0009978220946464823	-0.00022967833884157292	0.00041998325197027876	62
0.47	-0.0004238966987549779	0.0009147167064162643	-0.00021636171927796852	0.00038702003915237586	67
0.475	-0.0003933955991230907	0.0008307231890660007	-0.00020187691558032383	0.00035326253211632444	75
0.48	-0.00036056115630893245	0.000745143168966239	-0.00018600282394142062	0.00031842128953900133	82
0.485	-0.00032469501572300315	0.0006567590929363774	-0.0001683633856605753	0.00028197898146216854	93
0.49	-0.00028436765860389126	0.000563076069433283	-0.0001481970861687832	0.00024285977983002662	113
0.495	-0.000237831629662158	0.00045672694385302933	-0.00012439713198951358	0.0001977744728359399	145