0.	Indeterminate	Indeterminate	0	0	11
0.005	-0.00003292460030690156	0.01896003190289637	-5.793059986177146e-8	-3.789462788211975e-7	17
0.01	-0.00003453500573853338	0.018960862833520296	-2.315932063882688e-7	-1.5159264625934046e-6	17
0.015	-0.00003722034259696916	0.018962247048586896	-5.206081519070484e-7	-3.4112802351647947e-6	17
0.02	-0.00004098262474369358	0.018964183922763316	-9.243455609924512e-7	-6.0655684083221145e-6	17
0.025	-0.00004582466013317542	0.018966672184936747	-1.441909029279975e-6	-9.479640986560903e-6	17
0.03	-0.000051750081628294115	0.018969710665152125	-2.072156855882909e-6	-0.000013654507349384469	17
0.035	-0.00005876330403857457	0.018973297231709717	-2.8136755081868347e-6	-0.000018591480767082664	17
0.04	-0.00006686960604519732	0.018977430068774566	-3.6647970964433147e-6	-0.00002429203273625585	17
0.045	-0.0000760750809476237	0.018982106536841445	-4.623581508473467e-6	-0.00003075792061033578	17
0.05	-0.00008638663822528418	0.01898732381863982	-5.687815055520219e-6	-0.000037991121770841636	17
0.055	-0.0000978120727445856	0.018993078720606925	-6.855008810400187e-6	-0.000045993834546268725	17
0.06	-0.00011036001995266224	0.018999367624075364	-8.122395028576073e-6	-0.000054768457457408035	17
0.065	-0.0001240399923198715	0.019006186507712408	-9.486905438917799e-6	-0.00006431768705941617	17
0.07	-0.00013886240820337216	0.01901353101564288	-0.00001094518751759486	-0.00007464438583799176	17
0.075	-0.00015483856317347836	0.019021396022986765	-0.00001249357293191899	-0.00008575166057720885	17
0.08	-0.00017198068829500212	0.019029776381831752	-0.000014128086293697978	-0.00009764284464574768	17
0.085	-0.00019030195765543708	0.019038666039816087	-0.000015844426431165965	-0.00011032149554704738	17
0.09	-0.00020981648497011857	0.019048058532169877	-0.000017637956548645137	-0.00012379140585280727	17
0.095	-0.00023053939675263865	0.019057947034807527	-0.000019503702956681626	-0.00013805653862774747	17
0.1	-0.00025248679517647036	0.019068323856884926	-0.000021436325329360866	-0.00015312113395731165	17
0.105	-0.00027567584465938624	0.019079180826159545	-0.000023430124321438273	-0.0001689895762600112	17
0.11	-0.0003001247337078442	0.019090509031623213	-0.000025479005168933747	-0.0001856665354980867	17
0.115	-0.00032585273586364406	0.01910229879400739	-0.00002757647416071212	-0.00020315683054186406	17
0.12	-0.00035288025383937473	0.019114539671576343	-0.000029715643775514156	-0.00022146549030203712	17
0.125	-0.0003812288330592266	0.019127220562512745	-0.000031889171434427085	-0.00024059776383364214	17
0.13	-0.0004109211981788907	0.019140329319865132	-0.0000340892743442584	-0.0002605590601050424	17
0.135	-0.00044198126769338583	0.019153852782159596	-0.000036307696644590704	-0.00028135498988493773	17
0.14	-0.00047443423118953554	0.019167776983975295	-0.00003853569425667343	-0.0003029913270547386	17
0.145	-0.0005083065803007701	0.01918208676853521	-0.000040764003740918536	-0.00032547404587519315	17
0.15	-0.000543626106690418	0.019196765861577973	-0.00004298283159638835	-0.0003488092402926603	17
0.155	-0.0005804219910319017	0.019211796587154776	-0.000045181819040383556	-0.00037300316141570324	17
0.16	-0.0006187248513412546	0.019227160003179665	-0.00004735002702717486	-0.00039806220771252494	17
0.165	-0.0006585667578428642	0.019242835879705898	-0.00004947587228104855	-0.0004239928881211899	17
0.17	-0.0006999812948332356	0.019258802229420734	-0.000051547144424970884	-0.0004508018368883375	17
0.175	-0.0007430036487855911	0.019275035435180617	-0.0000535509485581185	-0.00047849574614467974	17
0.18	-0.000787670953616028	0.019291509322512224	-0.00005547365373678346	-0.0005070814088874371	18
0.185	-0.0008340210327436887	0.019308198057785803	-0.00005730092047573815	-0.0005365656623683478	18
0.19	-0.0008820944207454306	0.019325071440558256	-0.00005901757025428725	-0.000566955395447536	18
0.195	-0.0009319331637104907	0.019342097757867917	-0.000060607615147929	-0.0005982574285804249	18
0.2	-0.0009835811618217486	0.019359242863126663	-0.00006205418012769957	-0.0006304786041175496	18
0.205	-0.0010370842251560984	0.01937646969728648	-0.00006333946182071327	-0.000663625702581436	18
0.21	-0.0010924902541219333	0.019393738757384222	-0.0000644446882677718	-0.0006977053726342015	18
0.215	-0.0011498491262607003	0.019411007036192297	-0.00006535003530210281	-0.0007327241384791972	18
0.22	-0.0012092129672480172	0.019428228581585476	-0.00006603464243245668	-0.0007686883379585642	18
0.225	-0.001270636043115547	0.019445353167190687	-0.00006647645792800773	-0.0008056040414583013	18
0.23	-0.0013341749642573394	0.01946232725433877	-0.00006665223864181854	-0.0008434770298638442	18
0.235	-0.001399888706565512	0.0194790924142049	-0.0000665374503969569	-0.0008823127396690633	18
0.24	-0.0014678387075619595	0.019495586051340212	-0.00006610622832997691	-0.0009221161062170512	18
0.245	-0.0015380889033841522	0.01951174009079472	-0.00006533127027920924	-0.0009628915715742993	18
0.25	-0.0016107058804362244	0.019527481052450325	-0.00006418376680135065	-0.0010046429586740386	18
0.255	-0.0016857594505556616	0.01954272846171719	-0.00006263327906955195	-0.0010473733214400559	19
0.26	-0.0017633204654160205	0.01955739791030054	-0.00006064780389358288	-0.001091084950881135	19
0.265	-0.0018434642042532406	0.01957139496885449	-0.00005819344627296298	-0.0011357790703451038	19
0.27	-0.0019262683027609613	0.019584618326576948	-0.0000552344924588424	-0.0011814557974417761	19
0.275	-0.0020118133145966034	0.019596958226635035	-0.00005173317566245549	-0.001228113995752854	19
0.28	-0.002100182725891544	0.019608295332533686	-0.00004764970506865166	-0.001275750961656585	19
0.285	-0.0021914629396146577	0.019618499579847758	-0.00004294204059655002	-0.0013243623355594116	19
0.29	-0.0022857433222357986	0.01962742987034875	-0.000037565810440004315	-0.0013739418241860571	19
0.295	-0.0023831162009296464	0.01963493246629181	-0.00003147418947668031	-0.0014244808464508763	19
0.3	-0.0024836775560970565	0.019640839273239542	-0.00002461766764197328	-0.001475968349955336	20
0.305	-0.0025875238106792403	0.01964496879349623	-0.000016944210649695135	-0.0015283904147622468	20
0.31	-0.0026947561552048424	0.019647120789220318	-8.398712020278305e-6	-0.0015817298108476167	20
0.315	-0.002805477550672783	0.019647077284534777	1.076888506613906e-6	-0.001635965576831255	20
0.32	-0.002919793044561262	0.0196445996606688	0.00001154381081191737	-0.001691072490625639	20
0.325	-0.003037809388802627	0.019639426409221325	0.000023066617008723654	-0.001747020531709807	20
0.33	-0.003159635565349021	0.01963127055008731	0.00003571333227243736	-0.0018037741604356979	21
0.335	-0.003285378475375498	0.01961981806229704	0.00004955536949044145	-0.0018612916283476384	21
0.34	-0.0034151473583852324	0.01960472258907542	0.00006466804982421809	-0.0019195239825539484	21
0.345	-0.0035490493927591866	0.01958560274329225	0.00008113043327246115	-0.0019784141645050935	21
0.35	-0.003687189355098082	0.01956203857780505	0.00009902544522591623	-0.002037895849868968	21
0.355	-0.003829668929212036	0.019533565481373298	0.00011844003535540376	-0.002097892018109516	22
0.36	-0.003976580742774044	0.01949967106762256	0.0001394647293125148	-0.0021583136293292617	22
0.365	-0.004128011580638557	0.019459786130656718	0.00016219417073427855	-0.0022190576157045394	22
0.37	-0.004284035776430573	0.019413279739762226	0.0001867265471733803	-0.002280004965403709	22
0.375	-0.004444713130850512	0.019359449663100086	0.00021316354056098708	-0.0023410182767201076	23
0.38	-0.004610079751388097	0.01929751469794982	0.00024160927562029942	-0.0024019389889195857	23
0.385	-0.004780148320209244	0.019226601424852687	0.000272170568610957	-0.0024625840691844896	23
0.39	-0.004954897863925323	0.019145733436714944	0.0003049554777364578	-0.0025227422621270893	24
0.395	-0.005134260160971281	0.019053815145865013	0.00034007158563260193	-0.002582169347288676	24
0.4	-0.005318115936288835	0.018949614918794967	0.00037762521273417167	-0.002640583003608645	25
0.405	-0.005506270997224058	0.018831744271421372	0.0004177178699780604	-0.0026976562733098904	25
0.41	-0.005698445368884291	0.01869863347644382	0.00046044404048058076	-0.00275300998300881	26
0.415	-0.005894240512962688	0.018548501499559576	0.0005058857125454416	-0.0028062034254585024	26
0.42	-0.006093116326052507	0.018379322449617458	0.000554107610456437	-0.0028567236091674663	27
0.425	-0.006294341944909841	0.01818878017731599	0.0006051480382132853	-0.002903971079504486	27
0.43	-0.0064969517744812915	0.017974219096657806	0.0006590095106693662	-0.0029472440588893616	28
0.435	-0.006699668094544548	0.017732575718088537	0.0007156431437778133	-0.0029857170090980445	29
0.44	-0.006900813833264992	0.017460298603502976	0.0007749297455726578	-0.003018414995081757	30
0.445	-0.007098186754089241	0.017153239789836048	0.0008366524699042311	-0.003044179918402403	31
0.45	-0.00728889043309495	0.016806516077443913	0.0009004595565302303	-0.0030616270152774563	32
0.455	-0.007469098111426953	0.01641431706756111	0.0009658113550254531	-0.0030690861183756	34
0.46	-0.007633709013844237	0.01596962444300125	0.0010319033244542066	-0.003064518221257892	35
0.465	-0.007775850550849919	0.015463805052014825	0.001097553598066577	-0.00304539640724365	38
0.47	-0.00788608362496033	0.014885929225521233	0.0011610260816299236	-0.0030085148346700175	40
0.475	-0.007951101023701656	0.014221600227819028	0.0012197435694645755	-0.0029496698325996024	44
0.48	-0.007951331632378725	0.013450636099059481	0.001269772507827707	-0.0028630508600577184	48
0.485	-0.007855948453925012	0.012541881075131208	0.0013047781704252333	-0.0027399145197287093	55
0.49	-0.007610031306838506	0.011438862264714855	0.0013134209862468201	-0.0025650056779403948	66
0.495	-0.007086771065853991	0.010002971246104511	0.001269959210067213	-0.0023026467226809825	92