0.	-0.0017657286221932176	-0.006285596933477114	0	0	15
0.005	-0.0018546395946848655	-0.006362500705394101	-0.0006469231063828901	0.0007159218821628569	14
0.01	-0.0019453791572021748	-0.006440734456975096	-0.0012971292384578485	0.0014475872481216484	14
0.015	-0.002037952997428182	-0.006520547620043011	-0.0019511426859811754	0.0021960483960422558	14
0.02	-0.0021325558601491385	-0.006601951590579742	-0.0026094785199647533	0.0029623858722202063	14
0.025	-0.00222912614285622	-0.00668511243544714	-0.0032726942741227835	0.0037477622347274345	14
0.03	-0.0023279284074085938	-0.0067700366336623866	-0.003941327947639612	0.004553365286046708	14
0.035	-0.002428901103412981	-0.006856796300417683	-0.00461591818094134	0.0053804174642464635	14
0.04	-0.0025321152297134632	-0.00694550945308386	-0.005297042488905272	0.006230235598718332	14
0.045	-0.0026378395752932144	-0.007036269972694395	-0.005985249567164943	0.007104165162134454	14
0.05	-0.002746087565377732	-0.007129100692597233	-0.006681148840067954	0.008003653607699926	14
0.055	-0.0028570698083114493	-0.007224179475575272	-0.0073853089390792746	0.008930182301908236	14
0.06	-0.002970728724230556	-0.007321543894849034	-0.008098356902323514	0.009885326423304476	14
0.065	-0.0030873044493537395	-0.007421373978102475	-0.008820906493600227	0.010870745808713481	14
0.07	-0.0032068906025461575	-0.007523709331730356	-0.009553609762549294	0.011888191821832074	14
0.075	-0.0033296108104996004	-0.007628677430699645	-0.010297121971385619	0.01293949574393307	14
0.08	-0.00345568072554348	-0.007736422189633842	-0.011052103554958633	0.014026592319008456	14
0.085	-0.003585184792565545	-0.007847028280193076	-0.011819263350689956	0.015151531357617237	14
0.09	-0.0037183178683202044	-0.007960719043786422	-0.012599335261072684	0.016316515131144432	14
0.095	-0.0038552396890408867	-0.008077546799669936	-0.013393041073014339	0.017523802039580434	14
0.1	-0.003996110980282724	-0.008197713399794094	-0.014201160279996978	0.018775843170964118	14
0.105	-0.004141083380479968	-0.008321363710079101	-0.015024515250301997	0.020075246176918846	14
0.11	-0.004290467861012429	-0.008448683560058982	-0.015863891629992268	0.021424727733344563	14
0.115	-0.00444438425723861	-0.008579774140389676	-0.0167201702965252	0.022827201578633015	14
0.12	-0.004603065393075901	-0.008714948719266485	-0.01759424650480652	0.02428580396340084	14
0.125	-0.004766775527555311	-0.008854348654108526	-0.018487049943355795	0.025803837107994873	14
0.13	-0.0049356823881938185	-0.00899819900333454	-0.019399549896203128	0.027384817942705433	14
0.135	-0.005110234624816605	-0.009146729867157593	-0.020332738852762385	0.02903253351824808	14
0.14	-0.005290548622055714	-0.009300145135979945	-0.02128761912483884	0.03075097637426214	13
0.145	-0.005476897524570295	-0.009458778537369192	-0.022265417930529784	0.032544475322652276	13
0.15	-0.005669649556102426	-0.009622930244383546	-0.023267272793971	0.03441762957427261	14
0.155	-0.005869219700032803	-0.009792764522350608	-0.02429424376421923	0.03637535153873049	14
0.16	-0.006075849679760783	-0.009968668040995743	-0.0253476237672098	0.038422975466141374	13
0.165	-0.006289985153129821	-0.010151011709422885	-0.026428815443564426	0.04056615213402655	13
0.17	-0.006512000285422191	-0.010340202566143413	-0.027539152258914054	0.04281101926706301	13
0.175	-0.006742311683333068	-0.010536552949649697	-0.02868013603424093	0.0451640978890356	14
0.18	-0.006981481355777553	-0.010740476457597133	-0.029853081505176245	0.0476325578270726	13
0.185	-0.007229909150535619	-0.010952501003224452	-0.031059765674232367	0.050223944189195166	13
0.19	-0.007488161730715714	-0.011173084032718016	-0.03230179885744882	0.05294654813094588	13
0.195	-0.007756819435686945	-0.0114027493599324	-0.033580929160325394	0.05580926489934329	13
0.2	-0.008036469187517964	-0.011642064146955953	-0.03489900891150523	0.05882176295559688	13
0.205	-0.008327782292750191	-0.011891664243589698	-0.036257972988750824	0.06199449914355747	13
0.21	-0.008631462350187153	-0.01215222039967631	-0.03765983192412309	0.06533877152724266	13
0.215	-0.008948307565549552	-0.012424456996192238	-0.03910674297417133	0.06886692573728304	13
0.22	-0.009279107525094626	-0.012709163121321747	-0.040600958580812946	0.07259237259152942	13
0.225	-0.009624669755401539	-0.013007217659460354	-0.042144883446863915	0.07652972932216075	13
0.23	-0.00998625150353385	-0.013319547009357616	-0.043740895968901114	0.08069490132276097	13
0.235	-0.010364534024378121	-0.013647180421165668	-0.04539175435461794	0.08510530188116305	13
0.24	-0.010760873529049331	-0.013991249709802873	-0.04710012484712035	0.08977997429617206	13
0.245	-0.011176504708921241	-0.014352966430500795	-0.04886892551736986	0.0947398303681451	13
0.25	-0.011612626790462457	-0.014733698929493735	-0.05070123173755128	0.10000773830470565	13
0.255	-0.012070822410095602	-0.015134884014133447	-0.05260019765854154	0.10560891620130719	13
0.26	-0.012552602535357648	-0.015558233151923125	-0.054569223260825875	0.11157118886963889	13
0.265	-0.013059733547626365	-0.016005505809375736	-0.05661178290502042	0.11792510817507303	13
0.27	-0.013594231339377469	-0.016478703504275025	-0.058731536868002754	0.1247046749608881	13
0.275	-0.01415802132090608	-0.01698005285543759	-0.0609323863953646	0.13194741129914142	13
0.28	-0.014753560880314808	-0.017512032414246953	-0.06321820118221522	0.13969493560762958	13
0.285	-0.015383314457284535	-0.01807734712259407	-0.06559322176541711	0.14799376778105594	13
0.29	-0.01605011216911151	-0.018679109006099596	-0.06806165350538673	0.15689559732058755	13
0.295	-0.016756989784098904	-0.019320698014128473	-0.0706279450662213	0.1664583524916674	13
0.3	-0.017507465582501158	-0.02000596814130381	-0.07329652656798225	0.17674675486931118	13
0.305	-0.018305346253695922	-0.020739298508602295	-0.07607192716676635	0.1878337160243938	13
0.31	-0.019154952390615747	-0.02152558605941335	-0.07895865707631408	0.19980136776963064	13
0.315	-0.020060921862284628	-0.022370315255310615	-0.08196119741530558	0.21274240465673416	13
0.32	-0.021028757792564468	-0.023279836516262184	-0.08508370026503709	0.2267618266798057	13
0.325	-0.022064291294313584	-0.02426135340579121	-0.0883302270588429	0.24197926906873635	13
0.33	-0.023174434230555256	-0.025323020327812706	-0.09170415101492951	0.25853104357517614	13
0.335	-0.02436679359706618	-0.026474345139225204	-0.09520819451624693	0.2765730383019405	13
0.34	-0.0256500745676276	-0.027726218671830907	-0.09884407063107525	0.29628459699162507	13
0.345	-0.027034153554793515	-0.02909119326429566	-0.10261197490839818	0.3178722284544135	13
0.35	-0.028530290715064594	-0.03058403460627711	-0.10651028137479189	0.341575692637964	13
0.355	-0.03015166908925495	-0.032221865003899605	-0.11053432439005888	0.3676735489919863	13
0.36	-0.03191312232742581	-0.03402504644921606	-0.1146762933457189	0.39649178871036755	14
0.365	-0.03383188540844652	-0.03601697912385245	-0.11892265208579704	0.4284122243934042	14
0.37	-0.03592826074951148	-0.03822620781231512	-0.12325371096456272	0.46388746278547166	14
0.375	-0.038225776364380404	-0.040686508015867796	-0.12764093443423377	0.5034541700399188	14
0.38	-0.040752274033043934	-0.04343860862263986	-0.1320433142444278	0.54775468093294	14
0.385	-0.04354048346798137	-0.04653177057552832	-0.1364034426540672	0.5975610593642511	14
0.39	-0.0466295601118176	-0.05002632923292391	-0.14064146667638522	0.6538112852322425	14
0.395	-0.050066470190227974	-0.05399656852545246	-0.1446479015505756	0.7176499704398591	15
0.4	-0.05390776336457475	-0.05853440979534696	-0.1482674189161055	0.7904877177987443	15
0.405	-0.058222510540310336	-0.0637556941053054	-0.15128854870020328	0.874080949390349	15
0.41	-0.06309545562179882	-0.06980729111905455	-0.15341565031610732	0.9706371300951615	15
0.415	-0.0686319650726128	-0.0768777118874577	-0.15423395293205935	1.0829643435142104	15
0.42	-0.07496397373198818	-0.08521235551868275	-0.15315765248179783	1.2146789661917679	15
0.425	-0.08225908505629392	-0.09513516385541074	-0.14934926256211878	1.3705052524661725	15
0.43	-0.090732672744153	-0.10708114632583389	-0.1415958944232562	1.556714646969613	15
0.435	-0.100665656483516	-0.12164540240414037	-0.12811265785222642	1.7817829439788702	15
0.44	-0.11243078167206265	-0.13965931346207164	-0.10622259610655058	2.0574066806550975	15
0.445	-0.12653105269642168	-0.16231386332606454	-0.07181631657038327	2.400117001937674	15
0.45	-0.14365961611939632	-0.19136403538460836	-0.018411897064373545	2.8339362406874224	15