0.	-0.028174624730320577	-0.0043807618246733925	0	0	14
0.005	-0.028178897609864913	-0.0043813341429091955	-6.488744445725747e-6	1.684976430640241e-6	14
0.01	-0.028191860510149484	-0.004383132735261384	-0.000025978803391956555	6.743774944360823e-6	14
0.015	-0.02821362055244382	-0.0043860416972784245	-0.000058488462000418485	0.000015185641628379608	14
0.02	-0.02824396383828479	-0.004390198793501658	-0.00010415193096220075	0.00002703077147877242	14
0.025	-0.028283169236639198	-0.004395486155561472	-0.00016304303115207593	0.000042302155831636226	14
0.03	-0.02833108982498006	-0.004402006685308128	-0.00023530750959797553	0.00006103235674073376	14
0.035	-0.028388036910346862	-0.0044096925226742145	-0.00032113411101629874	0.00008326098616575785	14
0.04	-0.02845383861049966	-0.00441862069777961	-0.00042074747526503627	0.00010903591812900941	14
0.045	-0.028528754706835076	-0.004428787288599339	-0.0005343886577504523	0.00013841261767348525	14
0.05	-0.028612839772751412	-0.004440163452431598	-0.0006623398714598364	0.00017145355169316445	14
0.055	-0.028706199722182024	-0.004452837931976369	-0.0008049546154178229	0.00020823256203518958	14
0.06	-0.0288090126895772	-0.004466723046669568	-0.0009625294783583966	0.000248825873168267	14
0.065	-0.028921460056949122	-0.004481965978659059	-0.0011355385742120797	0.0002933282766061782	14
0.07	-0.029043613996307904	-0.004498488136981733	-0.0013244025530508928	0.00034183770567496844	14
0.075	-0.02917572911723742	-0.004516386533123053	-0.0015296250597812368	0.0003944635598261192	14
0.08	-0.029318014854274325	-0.004535622770485087	-0.0017517299308972972	0.00045132598397345174	14
0.085	-0.02947065075982712	-0.00455627359608244	-0.0019913261845597523	0.0005125585442269992	14
0.09	-0.029633907247072145	-0.0045783505596044445	-0.0022490344559857817	0.0005783041440494431	14
0.095	-0.029808016216523	-0.004601878249611731	-0.0025255801394322612	0.0006487206507552948	14
0.1	-0.029993270976216582	-0.004626941665095108	-0.0028217021221562002	0.0007239771192937938	14
0.105	-0.030189993895415122	-0.004653529001334226	-0.003138237339987426	0.000804262601054037	14
0.11	-0.030398472756624863	-0.004681634167313332	-0.003476090843518741	0.0008897750017693773	14
0.115	-0.03061907051734209	-0.004711412110955791	-0.0038361718188365023	0.0009807338770494284	14
0.12	-0.030852125691308543	-0.004742879279479818	-0.004219549042375382	0.001077375390676954	14
0.125	-0.0310980335521987	-0.00477608852494104	-0.0046273852013071805	0.0011799611683420209	14
0.13	-0.03135715416202928	-0.004811067012195356	-0.005060817734173443	0.001288759196564234	14
0.135	-0.0316302032241848	-0.00484787698117151	-0.0055212044477049626	0.0014040808061965245	14
0.14	-0.03191739147779748	-0.004886570656905381	-0.0060099721726339685	0.0015262487221466402	14
0.145	-0.03221936347276145	-0.004927243048221884	-0.006528580720553881	0.0016556145584410418	14
0.15	-0.03253660036710582	-0.0049699847492589155	-0.007078715457469526	0.0017925620374339372	14
0.155	-0.032869807607061687	-0.005014869440212734	-0.00766214196035251	0.0019375132454822984	14
0.16	-0.033219468755371115	-0.005061921808503535	-0.008280760105419817	0.0020909156657703248	14
0.165	-0.03358639463988848	-0.00511130312093608	-0.008936687033916806	0.0022532599446603387	14
0.17	-0.03397123054087809	-0.005163088362289547	-0.009632112861695956	0.0024250828994614127	14
0.175	-0.034374739108295534	-0.005217368194769222	-0.010369459718854522	0.0026069617298637962	14
0.18	-0.034797832676432244	-0.005274242524494387	-0.011151384272378747	0.002799534198489544	14
0.185	-0.03524138194872766	-0.0053338851031143	-0.011980728966177188	0.003003490660754931	14
0.19	-0.0357063127238381	-0.005396317112541824	-0.012860469796844463	0.003219575405895982	14
0.195	-0.03619365854144141	-0.005461823161852512	-0.013794054831898904	0.0034486215279039938	14
0.2	-0.036704517200283296	-0.0055304268817514615	-0.014785012048396258	0.0036915203335197485	14
0.205	-0.037240002397717964	-0.0056023664570651575	-0.015837404718148086	0.00394927303748273	14
0.21	-0.03780146809791463	-0.005677726366686946	-0.01695541090063353	0.004222947176085354	14
0.215	-0.0383902984499408	-0.005756795767696466	-0.018143747599566707	0.004513743902776398	14
0.22	-0.039007932073565676	-0.0058396881771208674	-0.019407453504911146	0.004822957231753692	14
0.225	-0.03965580126442675	-0.005926625215265284	-0.02075211252121396	0.005152041768856419	14
0.23	-0.040335810614279176	-0.006017886134135661	-0.02218383970736437	0.005502576563567291	14
0.235	-0.04104945616630762	-0.0061138146706300415	-0.023709240472212116	0.005876324928871406	15
0.24	-0.04179925858162427	-0.006214489590791407	-0.025335575190212282	0.006275243984366979	15
0.245	-0.0425870045709522	-0.006320264034844505	-0.027070866436469422	0.00670147019555409	15
0.25	-0.04341510910352087	-0.00643150052481521	-0.028923859727055305	0.007157422284104216	15
0.255	-0.044286147085430994	-0.006548516316026848	-0.030904256724695392	0.007645757919930626	15
0.26	-0.04520278722801257	-0.006671677939252153	-0.033022708474717714	0.00816946925592655	15
0.265	-0.04616795991629369	-0.006801455258004203	-0.03529105560698974	0.008731882762162201	15
0.27	-0.04718500361275055	-0.00693825898453208	-0.03772225736606211	0.009336728097790258	15
0.275	-0.04825742419455045	-0.007082626038886243	-0.0403308167201238	0.009988197743008466	15
0.28	-0.049389110356463053	-0.0072350613605061675	-0.04313267979013875	0.010691004394263817	15
0.285	-0.05058428064300168	-0.007396152110519971	-0.0461458691472117	0.011450487962651502	15
0.29	-0.05184750436476561	-0.007566593881851626	-0.04939025704539592	0.012272652061403527	15
0.295	-0.0531839629120098	-0.007747070053631653	-0.05288803821429096	0.01316432470660704	15
0.3	-0.05459919368432509	-0.007938408522939512	-0.05666427710968896	0.014133253759643376	15
0.305	-0.0560994417338426	-0.00814154240576391	-0.06074690942348149	0.015188320038318437	15
0.31	-0.05769144575815243	-0.008357323080995016	-0.06516751870077853	0.016339617182448404	15
0.315	-0.059382616266948476	-0.008587260456718017	-0.06996186408560537	0.01759884986435245	16
0.32	-0.06118174681089523	-0.008831990547643699	-0.07517006078544948	0.01897923249050755	16
0.325	-0.06309802553407592	-0.009093198559295367	-0.08083787227753511	0.020496242338821705	16
0.33	-0.06514170902946873	-0.009372372305595917	-0.08701749787198608	0.022167787208609846	16
0.335	-0.06732452561682202	-0.009671282972358298	-0.0937682265108692	0.024014614145209397	16
0.34	-0.06965967431665507	-0.009991758043753761	-0.10115875612595218	0.02606105040555497	16
0.345	-0.07216167879581051	-0.010336162578069876	-0.10926722107227026	0.028335516394001534	16
0.35	-0.07484725296970782	-0.01070701217686517	-0.11818434990276465	0.030871524703248887	16
0.355	-0.0777348867369982	-0.011106962718744236	-0.12801531446081565	0.03370873912316974	16
0.36	-0.08084618783077323	-0.01153987389367745	-0.13888263648591084	0.03689448245993824	17
0.365	-0.08420560004356704	-0.012008793561084818	-0.15092892398689053	0.04048463944690765	17
0.37	-0.08784115292580291	-0.012518379743192396	-0.1643227181692614	0.04454696080901133	17
0.375	-0.09178462174470545	-0.013073649466979826	-0.17926252923867309	0.049163157020105396	17
0.38	-0.09607341202020313	-0.013680544659674027	-0.19598418037436288	0.05443244577902232	17
0.385	-0.10075067545458433	-0.014345968898613518	-0.21476948178639324	0.06047633463962253	17
0.39	-0.10586687313606408	-0.015078632012356638	-0.23595740496103626	0.06744507332942336	18
0.395	-0.11148147150276334	-0.01588715481653077	-0.2599576189482536	0.07552358765917618	18
0.4	-0.11766434118407226	-0.016783616568912182	-0.28726970076017333	0.08494516896928772	18
0.405	-0.12449945325740673	-0.017781701469439457	-0.3185079318798584	0.09600393045081923	18
0.41	-0.13208665764194444	-0.018898501486411798	-0.35443369666740737	0.10907522211409149	18
0.415	-0.14054798226830578	-0.02015537525344937	-0.39599868822032713	0.12464431997049649	19
0.42	-0.1500313038454003	-0.02157616446228945	-0.4444066985044956	0.14334096983372982	19
0.425	-0.1607195647382765	-0.023193601055802836	-0.5011963666526243	0.16600170445900264	19
0.43	-0.1728418997079282	-0.025048626378029917	-0.5683594616459997	0.19374899364316883	20
0.435	-0.1866861293907367	-0.027190988904333118	-0.6485116799683174	0.22810914110691727	20
0.44	-0.20262384491804963	-0.029689393483515847	-0.7451396969395863	0.2712097793642795	21
0.445	-0.22113706826941082	-0.0326304953623872	-0.8629803809347475	0.32606228977209883	21
0.45	-0.24287011135776626	-0.03613551675796146	-1.008591830018222	0.39705407533480286	22