0.	0.00010780559722488228	-0.01671401660391117	0	0	14
0.005	-0.00006696613728360886	-0.016956398262049165	-0.0000952180096829562	0.0007573291146463093	13
0.01	-0.00024801023261705486	-0.017204487304106064	-0.00018548759525592855	0.00154206374212499	13
0.015	-0.00043564759618048253	-0.017458515134655593	-0.00027034748959686304	0.002355708425470158	13
0.02	-0.0006302041415843064	-0.017718680137517408	-0.0003492999344912334	0.0031998685000815237	13
0.025	-0.0008319649198696624	-0.01798517634695659	-0.0004218072285060875	0.004076232989037863	13
0.03	-0.0010413182567836654	-0.01825815001968222	-0.00048728026287002033	0.004986561662068299	13
0.035	-0.0012586514206138332	-0.018537817926564656	-0.000545082994513275	0.0059327288380727075	13
0.04	-0.0014841999269253462	-0.018824356811984324	-0.0005945374773987891	0.006916696311561942	13
0.045	-0.00171852104174556	-0.019118021287173777	-0.0006348882712265526	0.007940560143522422	13
0.05	-0.001962012421386539	-0.019418970115919004	-0.0006653283730724911	0.009006506365600336	13
0.055	-0.002215076817618308	-0.019727470243761747	-0.0006849868334058971	0.010116867430558273	13
0.06	-0.0024782067896827386	-0.02004374674812029	-0.0006929128898128883	0.011274097982164551	13
0.065	-0.0027519080775610253	-0.02036800639893563	-0.000688077498586796	0.012480799965171882	13
0.07	-0.003036728506066269	-0.020700504978714663	-0.0006693625230142254	0.0137397289242254	13
0.075	-0.0033332684831189796	-0.02104157871765833	-0.0006355515934229595	0.01505382874827271	13
0.08	-0.003642046474968898	-0.021391408498192946	-0.0005853427238460994	0.016426175170369747	13
0.085	-0.003963688743951624	-0.021750308780631205	-0.0005173136848752964	0.01786007374710625	13
0.09	-0.004298952649833227	-0.022118601167488185	-0.0004299018853406852	0.019359034861958467	13
0.095	-0.004648489080710988	-0.022496556758021785	-0.00032143906663519364	0.020926754701159695	13
0.1	-0.0050130330918231325	-0.02288448853087817	-0.0001901048972948651	0.02256720416902837	13
0.105	-0.00539334531125361	-0.02328267343953582	-0.000033882774927724256	0.02428453741704302	12
0.11	-0.005790415839874287	-0.02369164710052079	0.00014932551921437946	0.026083364691877643	12
0.115	-0.006205058643006775	-0.024111616067612314	0.0003618857435784776	0.027968396278427683	12
0.12	-0.006638252588518554	-0.024543015467048585	0.0006063512174775331	0.029944759357165514	12
0.125	-0.0070910223208841185	-0.024986209804384575	0.0008854990023998473	0.03201789909820859	12
0.13	-0.007564459764824937	-0.02544160619407322	0.0012023500495804574	0.03419363789260348	12
0.135	-0.008059727438556409	-0.025909659665037624	0.0015602023201534022	0.03647820835409385	12
0.14	-0.00857809162885725	-0.02639077916578942	0.00196265761162521	0.038878290817412474	12
0.145	-0.009120867507587855	-0.026885439437087866	0.002413634385976279	0.041401024047559354	12
0.15	-0.009689486334972318	-0.02739415492038051	0.00291742040952408	0.04405407304792262	12
0.155	-0.010285450041824566	-0.02791737940269262	0.0034786937729099467	0.04684565747836174	12
0.16	-0.010910453234173393	-0.028455699032643115	0.0041025987711954945	0.04978462480980956	12
0.165	-0.011566081952960511	-0.029009579078877922	0.0047946826077913994	0.052880419898375865	12
0.17	-0.012254463623204878	-0.029579678144465982	0.00556118323468801	0.05614331960688926	12
0.175	-0.012977517193821295	-0.030166558974019105	0.0064087997526255155	0.05958428434006075	12
0.18	-0.013737318728202202	-0.030770847559352343	0.007344891203745655	0.06321520376143809	12
0.185	-0.014536361045345574	-0.0313932102623754	0.008377638432322608	0.06704886060421265	12
0.19	-0.015376998811825013	-0.03203432480630458	0.00951590599563008	0.07109909638257772	12
0.195	-0.016262086927187287	-0.032694917348768254	0.010769583636799024	0.07538088077654466	12
0.2	-0.017194621377939843	-0.03337572895805444	0.012149528503684733	0.07991039973586744	12
0.205	-0.01817757804401603	-0.03407749209029758	0.01366759984699941	0.08470518340424084	12
0.21	-0.019214583437220073	-0.03480106899046599	0.015337085542121126	0.0897843383376043	12
0.215	-0.02030921035500667	-0.0355472742203644	0.017172501803518217	0.0951685459058403	12
0.22	-0.02146572049426288	-0.036317057152977957	0.019190105280727406	0.10088034674612673	12
0.225	-0.022688337448084343	-0.03711128269920418	0.021407717432162073	0.10694426491938043	12
0.23	-0.023981847504293018	-0.037930933906855896	0.023845214457839672	0.11338709110016189	12
0.235	-0.02535166974710723	-0.03877697972510172	0.026524805937714977	0.12023807017868286	12
0.24	-0.02680326854725363	-0.039650508082176183	0.02947095278932045	0.12752918876759203	12
0.245	-0.028343063278185095	-0.04055258770013268	0.03271120063978963	0.13529553816883802	12
0.25	-0.02997781978123256	-0.04148434438148094	0.036276141182021035	0.1435755833768576	12
0.255	-0.031714955834714675	-0.04244692077175109	0.040199996663991294	0.15241159128827864	12
0.26	-0.03356290002060354	-0.043441555201210166	0.04452129649083638	0.16185017343522798	12
0.265	-0.035530508767556826	-0.044469502371765286	0.04928301710487308	0.17194269509349122	12
0.27	-0.03762779150230578	-0.045531805050972395	0.05453403057832555	0.18274543028703272	11
0.275	-0.03986590615634619	-0.0466301957699038	0.06032833942240249	0.19432216094346486	11
0.28	-0.042257102948659954	-0.04776585235140745	0.06672802542583439	0.20674216106041451	11
0.285	-0.04481490326561072	-0.048940094918654115	0.07380293185134142	0.22008295244892417	11
0.29	-0.047554360426622255	-0.05015433851860207	0.08163227505416613	0.23443090392455795	11
0.295	-0.050492366309623754	-0.051409942943744576	0.09030623956686476	0.24988246166517303	11
0.3	-0.053647734889336045	-0.052708292827775304	0.09992758753820935	0.2665455892201754	11
0.305	-0.05704145280050027	-0.05405070438819498	0.11061372927612691	0.2845414517395639	11
0.31	-0.060697369702770385	-0.05543840920249483	0.12249939440522936	0.30400629847151645	11
0.315	-0.06464206595009327	-0.05687267547301977	0.1357394522742862	0.3250940906004192	11
0.32	-0.0689057753399605	-0.058354471890384875	0.15051250484554476	0.3479788400375774	11
0.325	-0.07352248771442996	-0.05988467111315582	0.16702507737381234	0.37285817203397853	11
0.33	-0.07853155098585933	-0.06146412107322448	0.18551647922056125	0.39995813721007467	12
0.335	-0.08397701278750141	-0.06309249317739156	0.2062677119603584	0.429533805124994	12
0.34	-0.08990986934725706	-0.06476980489323295	0.22960528841063324	0.4618811360255828	12
0.345	-0.0963888570004106	-0.0664952342983268	0.25591372718202005	0.49733971469897376	12
0.35	-0.1034815859517687	-0.06826706964738721	0.28564657394958404	0.5363021033484533	12
0.355	-0.11126665353922385	-0.07008258237298187	0.31934162572451086	0.5792241311737183	12
0.36	-0.11983579259296141	-0.07193763479483153	0.35763981685141916	0.6266375896491122	12
0.365	-0.1292966319977413	-0.07382630013525887	0.40130901267394714	0.6791659851297267	12
0.37	-0.13977585990686855	-0.07574025126349716	0.4512742414509534	0.7375442102090903	12
0.375	-0.15142403221164505	-0.07766806668854308	0.5086573175507271	0.802643543823949	12
0.38	-0.16442067497938104	-0.07959419327995217	0.5748271742202182	0.8755031919704189	12
0.385	-0.17898206050606016	-0.0814978498817765	0.651466706374352	0.9573707684633279	13
0.39	-0.19536956052124788	-0.08335045927192108	0.7406622845281313	1.0497562072488869	13
0.395	-0.21390300177399207	-0.08511436726894031	0.845019646409916	1.1544996846025157	13
0.4	-0.23497663967078466	-0.08673850317354131	0.9678261883214767	1.273863791135772	13
0.405	-0.25908121163159065	-0.08815401107257556	1.1132708332869827	1.4106572593504334	13
0.41	-0.2868344611368789	-0.08926740813087626	1.2867515851796592	1.5684025981280405	13
0.415	-0.31902349177135725	-0.08995070892947356	1.495311738195314	1.7515685401443488	13
0.42	-0.3566647177459026	-0.09002724215687227	1.7482684564537145	1.965896588775926	13
0.425	-0.4010907900610336	-0.08925023680619015	2.0581399195166243	2.2188698329820533	13
0.43	-0.45407803635147026	-0.08727097494385498	2.4420344930344706	2.5204056857697026	14
0.435	-0.5180438762083763	-0.08358494547834777	2.9238248264207964	2.883860250052006	14
0.44	-0.5963468474822471	-0.07745389266764753	3.537546351122762	3.3276457691540275	14
0.445	-0.6937782815950703	-0.06776734880611457	4.333041747456662	3.877732146524015	14
0.45	-0.8173816100633308	-0.05280882533714522	5.385569400156378	4.571807101766838	14