0.	0.00010780559722488228	-0.01671401660391117	0	0	14
0.005	0.00022973795346460397	-0.016571416797139818	0.00021635709433097004	-0.0017220055237794317	13
0.01	0.0003328361725769462	-0.016403977040044673	0.0001348575663842721	-0.0031896154587941657	14
0.015	0.00044255624653614673	-0.016255409240395848	0.00022265355759203977	-0.004717233175263499	14
0.02	0.0005506673527561562	-0.016110965574221963	0.00032304024396755853	-0.00620268842786243	13
0.025	0.0006570174546229038	-0.01597075190106364	0.0004356003607634451	-0.007647882110246768	14
0.03	0.0007618758100049706	-0.015834367728995085	0.0005598370211574288	-0.009054605032271849	14
0.035	0.0008653310443956629	-0.01570187556715143	0.0006952909449612788	-0.010424595357359843	14
0.04	0.0009673461529064167	-0.015573112106917036	0.0008415239077801968	-0.011759521045546123	14
0.045	0.0010680246091233471	-0.015447978962060033	0.0009981277932126515	-0.013060970699873123	14
0.05	0.0011675828426787735	-0.015326393210375149	0.001164732403174401	-0.014330489355126137	14
0.055	0.0012659696063850928	-0.015208199617133131	0.0013409736656132872	-0.015569541692657856	14
0.06	0.0013631923522000565	-0.015093426550595947	0.0015265173295890243	-0.0167795723554305	14
0.065	0.0014594906225567986	-0.014981928624465936	0.0017210652441330765	-0.017961942011595157	14
0.07	0.0015548149917279323	-0.014873583425538413	0.0019243207674822195	-0.01911796943458961	14
0.075	0.0016493298261934302	-0.014768399072552512	0.0021360270707541616	-0.020248958201378557	14
0.08	0.0017429290693535566	-0.014666216194823065	0.002355924358477094	-0.021356136733788524	14
0.085	0.0018359159115575868	-0.01456706354476212	0.002583806943235201	-0.022440716345442348	14
0.09	0.0019281788648511022	-0.014470758342985127	0.0028194465368892065	-0.023503845358034636	14
0.095	0.002019795519986806	-0.01437736351717793	0.0030626541573533003	-0.024546677781878398	14
0.1	0.0021108961171763677	-0.014286747095911604	0.0033132623658079768	-0.025570306089353376	14
0.105	0.0022015034687740253	-0.014198826870661943	0.0035711081619692834	-0.026575800240577895	14
0.11	0.002291669185928754	-0.01411360990837264	0.003836047366492191	-0.027564216174353937	14
0.115	0.00238145228902081	-0.014031050317458897	0.004107952762438489	-0.02853658199867212	14
0.12	0.002470944715785124	-0.013951117003533787	0.004386725882857573	-0.029493910162926077	15
0.125	0.0025601595032470345	-0.013873660670609331	0.004672238015111855	-0.0304371451950449	15
0.13	0.002649217900028234	-0.013798686694243056	0.0049644268329606615	-0.03136727727810122	15
0.135	0.002738064033168855	-0.01372623181585255	0.005263201070345072	-0.032285262562013466	15
0.14	0.0028269490782906912	-0.01365612022505528	0.005568535227969285	-0.033192021852349575	15
0.145	0.0029157211483106047	-0.013588424169544595	0.00588034576996713	-0.034088487155516566	15
0.15	0.003004566877673952	-0.013523131793971105	0.0061986237669578795	-0.03497559891728952	15
0.155	0.0030934383498398546	-0.013460099382519217	0.006523331944617966	-0.035854233223428414	15
0.16	0.0031825094035131864	-0.013399422009146539	0.006854483749881559	-0.036725328610434184	15
0.165	0.0032717498550158455	-0.013340980224856185	0.007192066360024726	-0.03758977073550618	15
0.17	0.003361265186535559	-0.013284840478173332	0.007536104815139095	-0.03844848089478629	15
0.175	0.003451157835730351	-0.013230877661429948	0.007886634829057356	-0.03930233776774781	15
0.18	0.003541437953003772	-0.013179154269557954	0.008243691536835636	-0.04015228174060656	15
0.185	0.0036321439482350747	-0.013129620091391144	0.008607320904427127	-0.04099921757571967	15
0.19	0.003723285394649319	-0.013082404406481157	0.008977588562857276	-0.04184412758324736	16
0.195	0.003815081408560991	-0.013037225468929482	0.009354582950378998	-0.042687858474571225	16
0.2	0.003907535324227149	-0.012994260455457686	0.00973839090762801	-0.043531416737137896	16
0.205	0.004000662876322878	-0.012953451541110852	0.01012909969526964	-0.04437577160557328	16
0.21	0.004094586329210035	-0.012914787664311322	0.010526848737458228	-0.045221924536227504	16
0.215	0.004189410567247347	-0.01287833516440242	0.010931767017744773	-0.046070900487121466	16
0.22	0.004285099688425213	-0.012844053747088809	0.01134397169926971	-0.046923750797611866	16
0.225	0.004381789792206502	-0.012811888791710805	0.011763632480242977	-0.04778153964351788	16
0.23	0.004479579593133367	-0.012781975164669584	0.01219092631166803	-0.048645427186039626	16
0.235	0.004578572946603953	-0.012754254199847163	0.012626040345982217	-0.04951655331493933	16
0.24	0.004678780610486259	-0.012728750342766933	0.013069149393754444	-0.05039611829403504	16
0.245	0.004780322911554066	-0.012705453160757049	0.013520476156942397	-0.051285396827400416	16
0.25	0.004883217136640144	-0.01268444914112958	0.013980241882352844	-0.052185763220484585	17
0.255	0.00498768999857061	-0.012665740674948595	0.014448707162132722	-0.053098516516452726	17
0.26	0.005093824504199355	-0.012649326453951882	0.014926133468445207	-0.054025137401148726	17
0.265	0.005201733514178175	-0.012635272142905607	0.01541280190739279	-0.05496717739801429	17
0.27	0.005311421299443188	-0.01262359143558376	0.01590897660451898	-0.05592626359147742	17
0.275	0.0054230016334757165	-0.012614359216997016	0.01641496714347569	-0.056904131690212675	17
0.28	0.005536753450610826	-0.012607620188204278	0.016931144644061705	-0.0579026157751711	17
0.285	0.00565265777414283	-0.012603462914776105	0.01745782357844924	-0.05892369524746231	17
0.29	0.005770949263146015	-0.012601886856335318	0.017995390720867352	-0.05996950422217778	18
0.295	0.005891794775868858	-0.012603002798531718	0.01854424118731786	-0.06104219623710286	18
0.3	0.006015144375488231	-0.012606895012399939	0.019104720034336324	-0.06214426260894147	18
0.305	0.00614142934093178	-0.012613608379540254	0.019677325607686605	-0.06327828932492065	18
0.31	0.00627071690950993	-0.012623189704686764	0.020262479226621225	-0.0644470981602468	18
0.315	0.006403120673069029	-0.01263591443969209	0.020860606945994082	-0.06565387460164693	19
0.32	0.006539011156547204	-0.012651787270389762	0.021472257701504845	-0.06690181444096106	19
0.325	0.006678389265851847	-0.012671014889362502	0.022097849374497044	-0.06819463557154493	19
0.33	0.006821829083816334	-0.01269354504937478	0.022737999188165596	-0.06953624618069251	19
0.335	0.006969288791751839	-0.01271973479004709	0.023393147807293468	-0.07093111316785548	19
0.34	0.007120967322779375	-0.012749640915816061	0.0240637633260563	-0.07238406482757322	20
0.345	0.007277574434273045	-0.012783562758716577	0.024750563204654668	-0.0739003417196784	20
0.35	0.00743910759439762	-0.012821651977394006	0.025453934494158923	-0.07548586146104785	20
0.355	0.007606027201735385	-0.012864109907806792	0.02617444055376936	-0.07714718418866838	20
0.36	0.007778790933543192	-0.012911290370246372	0.026912583548736883	-0.07889163996758206	20
0.365	0.007957572558941346	-0.012963469571754344	0.027668654469949577	-0.080727481145969	21
0.37	0.00814322537256922	-0.01302093631396806	0.02844325952196501	-0.08266378583756435	21
0.375	0.00833613640714696	-0.013084117342115929	0.02923656794536177	-0.08471100354390995	21
0.38	0.008536849448881834	-0.013153315843255152	0.03004864796148773	-0.08688096516096239	22
0.385	0.008745952550783797	-0.013229225323969881	0.03087952271960717	-0.08918707295844949	22
0.39	0.008964469512842193	-0.013312292239062596	0.03172893068194134	-0.0916447129054666	22
0.395	0.009192927945885094	-0.013403105506458707	0.03259598112572436	-0.09427162572090787	23
0.4	0.00943233886835068	-0.013502321938290374	0.03347961141375595	-0.0970882408738474	24
0.405	0.009684142637108057	-0.01361109217921146	0.034378263596067216	-0.10011849016821313	23
0.41	0.009949099979169956	-0.01372992615084015	0.035288647779904495	-0.10339034418494425	24
0.415	0.010228937644972238	-0.013860419117085838	0.03620717030809933	-0.1069369769505254	24
0.42	0.010525389520726791	-0.014003419770855952	0.03712776887223358	-0.11079764094299226	26
0.425	0.010839974932084223	-0.014161037213348637	0.038042503687932175	-0.1150198693998135	26
0.43	0.011175710745153035	-0.014334764620712806	0.03893978829687508	-0.1196609017378577	27
0.435	0.011535034885805213	-0.014527105658931021	0.03980317047277472	-0.12479133964163659	28
0.44	0.01192132666943921	-0.014741198703848386	0.040609296057086734	-0.13049884376637122	28
0.445	0.012339184136077014	-0.014980242700369744	0.04132445561795355	-0.13689354576062174	28
0.45	0.012793384101713772	-0.015248373530708875	0.04189867859584597	-0.1441162055651116	30