0.	0.00010780559722488228	-0.01671401660391117	0	0	14
0.005	0.000050734077806059534	-0.016795935308963405	-0.00003150456449965202	0.0003085557275869648	13
0.01	-5.9260611328347534e-6	-0.016881812813743874	-0.00006214523517680275	0.0006238053047543655	13
0.015	-0.00006229399410355874	-0.01697184223522785	-0.00009191503613642022	0.0009460800145301188	13
0.02	-0.00011836288966004908	-0.017066102704526465	-0.00012080888642795803	0.0012757460931297373	13
0.025	-0.0001740713058470669	-0.017164715314039982	-0.00014881824375377953	0.0016131607548211554	13
0.03	-0.00022963319028589807	-0.017267807598123946	-0.0001759311668884186	0.0019587160553257007	13
0.035	-0.0002848688454873214	-0.017375471916664574	-0.0002021404291910325	0.0023128188700526353	13
0.04	-0.00033989925807099194	-0.01748784671428709	-0.0002274292937219785	0.0026758751369908985	13
0.045	-0.0003947577157923012	-0.01760503611535981	-0.0002517844886969396	0.0030483410288308205	13
0.05	-0.0004494258771657591	-0.017727195441937516	-0.0002751888586091571	0.003430665292528963	13
0.055	-0.0005039994550223937	-0.01785447958552519	-0.00029762243440110254	0.003823342374538761	13
0.06	-0.0005583991623609348	-0.017987024222459857	-0.00031906748776792016	0.004226873929446416	13
0.065	-0.000612674224752874	-0.018124984594910767	-0.0003394989421242607	0.004641779641050777	13
0.07	-0.0006669026362816789	-0.018268537716914765	-0.00035889116157023166	0.005068639077833085	13
0.075	-0.0007210129490596304	-0.01841783291270089	-0.0003772196467088499	0.005508030480661876	13
0.08	-0.0007750727386387326	-0.018573152704356707	-0.00039445148837929066	0.005960569315980882	13
0.085	-0.000829086086505634	-0.018734581627600232	-0.0004105556747501845	0.0064269170667880585	13
0.09	-0.0008830417998859346	-0.018902414622487096	-0.00042549749763409923	0.006907750876681039	13
0.095	-0.0009370327884358261	-0.019076837022241524	-0.0004392327795936868	0.007403796079472053	13
0.1	-0.000991026487014426	-0.019258048673497792	-0.0004517224900928564	0.00791581971650566	13
0.105	-0.001044974117162891	-0.019446362254081608	-0.0004629267957706128	0.008444637827147577	13
0.11	-0.00109897724603473	-0.01964202065374582	-0.00047278833891414287	0.008991099322255275	13
0.115	-0.0011530024203080082	-0.019845244982724834	-0.0004812564995585354	0.009556090789974964	13
0.12	-0.0012071110943654775	-0.020056426162286176	-0.00048827077084254806	0.01014060492866953	13
0.125	-0.0012612429742885458	-0.020275829004217916	-0.0004937715341188434	0.010745622983839723	13
0.13	-0.0013153979709187484	-0.020503750072390126	-0.0004976946810984978	0.011372241849940222	13
0.135	-0.0013696667609401358	-0.02074059468580486	-0.0004999560690466349	0.012021599992629493	13
0.14	-0.0014240058312532892	-0.02098671367169896	-0.0005004826501520485	0.012694915519144865	13
0.145	-0.0014783289210618918	-0.021242470063427995	-0.0004991965548569411	0.013393467014537117	13
0.15	-0.0015327309590836575	-0.021508321162414117	-0.0004959954109391897	0.014118639142177971	13
0.155	-0.0015872136817536029	-0.021784655622307653	-0.0004907768632379152	0.014871890152026475	13
0.16	-0.0016416932749790999	-0.022071990123071365	-0.0004834423769854851	0.015654785057196138	13
0.165	-0.0016962908626851998	-0.022370822730431	-0.00047385624505881865	0.01646899351231353	13
0.17	-0.001750830251747439	-0.0226816487004264	-0.0004619117773685304	0.017316279988693138	13
0.175	-0.0018053835188580917	-0.023005092075942736	-0.000447458318065066	0.018198560489609834	13
0.18	-0.0018598997797296176	-0.023341671511934333	-0.0004303478898561152	0.019117858729868525	13
0.185	-0.0019144314742883294	-0.023692068209386647	-0.0004104065491668295	0.02007636450717897	13
0.19	-0.0019687976290741474	-0.024056977642633027	-0.0003874764541083788	0.021076405498725248	13
0.195	-0.0020230635945838312	-0.024437116859814183	-0.00036134876032892574	0.022120503021732938	13
0.2	-0.00207718544885031	-0.0248333048046683	-0.0003318088739868944	0.02321135307217805	13
0.205	-0.002131004028879958	-0.025246324758302355	-0.0002986459674370924	0.02435184417233014	13
0.21	-0.002184565173872475	-0.025677088316262316	-0.0002615873207999133	0.02554509996952757	13
0.215	-0.0022377375283010982	-0.02612658067139409	-0.00022036652920048513	0.02679451837235246	13
0.22	-0.0022905431002647582	-0.02659578491082433	-0.00017466250883645985	0.028103698113375902	13
0.225	-0.0023427063405188665	-0.02708581268052417	-0.00012417289064550752	0.029476591663655495	13
0.23	-0.002394218669313569	-0.027597898552570575	-0.00006851824561135769	0.030917447099554744	13
0.235	-0.002444972128925656	-0.028133315560584682	-7.2903493319193685e-6	0.0324308763477804	13
0.24	-0.0024948208465440736	-0.028693362083138208	0.00005995253821687585	0.034021859883804954	13
0.245	-0.002543523309719301	-0.029279621138493778	0.00013368564914850029	0.03569587089630742	13
0.25	-0.002590963906994639	-0.029893624347886935	0.00021446361347776666	0.03745880150369209	13
0.255	-0.002636858145876185	-0.030537155009470476	0.00030287005833641925	0.039317094924172076	13
0.26	-0.002681042219270317	-0.03121210752334183	0.0003995908245291984	0.04127781628098633	13
0.265	-0.0027232940690217824	-0.031920607545793976	0.0005053418223591108	0.04334874268315042	14
0.27	-0.0027630204315383464	-0.03266465410129924	0.0006209542046444489	0.04553811293171162	14
0.275	-0.0028001009824310964	-0.03344677078028921	0.0007473741423968967	0.04785527050508056	14
0.28	-0.002833996304833209	-0.03426958349713362	0.00088560201877496	0.050310373322894134	14
0.285	-0.0028642868370797082	-0.0351359113636463	0.001036807157822988	0.052914622226759384	14
0.29	-0.0028904903672949296	-0.03604902376148783	0.001202308397064998	0.055680401070832886	14
0.295	-0.002911791422021975	-0.037012206435074864	0.001383528213240167	0.05862133675891746	14
0.3	-0.002927637534539661	-0.03802931287153299	0.0015821654798275006	0.061752587933821115	14
0.305	-0.0029370795551389717	-0.039104459386597006	0.00180007311489324	0.06509099850646108	14
0.31	-0.0029393180335178237	-0.04024216504140081	0.0020394258063774866	0.06865525556516806	14
0.315	-0.002933183741711677	-0.041447518651803614	0.0023026476567830113	0.07246630174804428	14
0.32	-0.002917362796998172	-0.042726049607400486	0.002592522640155158	0.07654755212311447	14
0.325	-0.0028904284944343966	-0.0440839557888077	0.002912260109994038	0.08092523015654474	14
0.33	-0.0028507847257036555	-0.04552804291914513	0.0032655971611511604	0.08562890468210334	14
0.335	-0.002796257064603536	-0.0470659646817493	0.003656737902386027	0.09069196454665895	14
0.34	-0.002724671010701344	-0.04870623355769551	0.0040906894157613505	0.09615217096469857	14
0.345	-0.0026333509423183098	-0.050458414568046735	0.00457324220541299	0.10205253239992572	14
0.35	-0.002519054468281108	-0.05233323390509607	0.005111138872097434	0.1084419996295834	14
0.355	-0.0023781973268337305	-0.054342733678085973	0.005712400347814003	0.11537674443245796	14
0.36	-0.0022062855615503155	-0.05650063632650813	0.006386391341352597	0.1229212558016357	14
0.365	-0.001998463379705195	-0.05882246395061477	0.007144533355188904	0.13115038154755548	15
0.37	-0.001747943550770091	-0.061325641512748684	0.007999803076266493	0.14014987085139907	15
0.375	-0.001447628037980056	-0.0640303339594379	0.008968443899695595	0.15002089863652626	15
0.38	-0.0010885843831112789	-0.06695977035307879	0.010069820969553674	0.16088148120135698	15
0.385	-0.0006601467311039728	-0.07014044700670685	0.011327576060789234	0.17287092462971052	15
0.39	-0.00014924669859643983	-0.07360316318455055	0.012770638971807302	0.18615447938890478	15
0.395	0.00046021054016388493	-0.07738367182040584	0.014434660445289293	0.20092932608716133	15
0.4	0.001187617124346084	-0.0815238131267596	0.016364177455551257	0.21743277321257568	15
0.405	0.0020573708793689936	-0.0860726627284828	0.01861498441450385	0.23595233422095993	15
0.41	0.003099332786679246	-0.09108821901810074	0.021258740521648396	0.25684030436657784	16
0.415	0.004352487287851713	-0.09663959628034734	0.02438496878657204	0.2805298983658609	16
0.42	0.005864985695309563	-0.10280954272554398	0.028112106208140666	0.30756292787250683	16
0.425	0.0076989316355981705	-0.1096976316296404	0.03259508218024472	0.33862265484601534	16
0.43	0.009935202908750766	-0.11742499960701544	0.03804040069938826	0.374582197243334	16
0.435	0.012679161724560805	-0.1261395034899196	0.04472979445060888	0.4165732721883617	17
0.44	0.01607345334623633	-0.13602507973585537	0.053046995924744864	0.46608688470730775	17
0.445	0.020308682318516506	-0.1473098357132745	0.06353847889843532	0.525124789109846	17
0.45	0.025647305008300415	-0.16028016038769394	0.07699472424423368	0.5964298728845913	18