0.	0.00010780559722488228	-0.01671401660391117	0	0	14
0.005	0.00016520209193860054	-0.01663636270703964	0.00003120996506537723	-0.0004719142881643316	14
0.01	0.00022308423560716759	-0.01656243921738716	0.000064489629763272	-0.0009336580311662516	14
0.015	0.0002813623850213389	-0.016492202193928333	0.00009977533735726915	-0.0013856794339741525	13
0.02	0.00034011267010701333	-0.01642589751634528	0.00013706428495948743	-0.0018284319241371142	14
0.025	0.0003993614333348775	-0.01636313943316249	0.00017633547509940113	-0.002262335654529245	14
0.03	0.00045913701610862147	-0.01630404644314704	0.0002175753392914539	-0.0026878074743437778	14
0.035	0.0005195423151037508	-0.01624848501944016	0.00026077438729619606	-0.003105250170638732	14
0.04	0.0005805086209966902	-0.016196330598690908	0.0003059157082971548	-0.0035150332424341343	13
0.045	0.0006420553546701031	-0.01614776922027981	0.0003530025146061941	-0.003917553120409132	14
0.05	0.0007042950221732075	-0.016102512061432008	0.00040201988895737797	-0.0043131428689463375	14
0.055	0.0007672582269791176	-0.01606064349389318	0.00045297024011717963	-0.004702168342872272	14
0.06	0.0008309383039528957	-0.016022075203559513	0.0005058513784276079	-0.005084965429420021	14
0.065	0.0008952908290868313	-0.015986735637159903	0.0005606609826282073	-0.005461857831239682	14
0.07	0.000960647629838913	-0.015954640336512102	0.000617413964929558	-0.005833163313942688	14
0.075	0.0010267193692842218	-0.015925766983754662	0.0006761071764182212	-0.006199214395948412	14
0.08	0.0010937140794102778	-0.015900023055402134	0.0007367529509673797	-0.006560295745823445	14
0.085	0.0011617029642272004	-0.015877478748062168	0.0007993655128766927	-0.006916716424376111	14
0.09	0.0012305513093071683	-0.01585803256648486	0.0008639484205736235	-0.007268761583912341	14
0.095	0.001300549909496987	-0.015841725984211012	0.0009305311029786942	-0.007616722237158117	14
0.1	0.00137155176103895	-0.015828529900332573	0.0009991208784638187	-0.007960878958561127	14
0.105	0.0014437599082457913	-0.01581838710942397	0.001069747764900294	-0.008301506350861075	14
0.11	0.0015170398928579442	-0.015811298406458202	0.0011424231599879643	-0.008638875326085234	14
0.115	0.001591576533065367	-0.015807321149982623	0.001217180887672553	-0.008973263424844606	14
0.12	0.0016674402107076406	-0.015806388751271556	0.00129405157798697	-0.009304931083261823	14
0.125	0.0017445956408074321	-0.01580853285028402	0.0013730603128537097	-0.00963414934955803	14
0.13	0.0018232031214795927	-0.015813784683521598	0.001454246571371158	-0.009961177707392164	14
0.135	0.0019032828772844153	-0.015822091844817365	0.001537645484533405	-0.010286279822166143	14
0.14	0.001984805553137403	-0.015833488286700732	0.00162328795489194	-0.010609713079092337	14
0.145	0.002068042903950305	-0.01584798563051746	0.001711234887997631	-0.010931750284478924	14
0.15	0.0021528505238067102	-0.01586566634554571	0.0018015213650414402	-0.011252661923844734	15
0.155	0.0022395158090830055	-0.015886376120979272	0.0018941891101409442	-0.011572669022888494	14
0.16	0.0023279549344776777	-0.015910285448027223	0.0019893041126473696	-0.011892087238256022	14
0.165	0.002418195590651007	-0.015937401738775482	0.002086908673287667	-0.012211173710565563	14
0.17	0.002510515853157336	-0.01596778865821052	0.0021870851381591283	-0.012530205856342803	15
0.175	0.002604906247702348	-0.016001350986056453	0.0022898759694312846	-0.01284944642633478	15
0.18	0.00270147690883961	-0.01603828559214746	0.0023953571109099113	-0.013169193842599606	15
0.185	0.0028002791380633742	-0.016078478210116837	0.002503596016364653	-0.01348972838678536	15
0.19	0.0029015200793550844	-0.016122013629016257	0.0026146800866810515	-0.013811351065056696	15
0.195	0.003005194714813225	-0.01616905631357484	0.0027286791961470764	-0.01413437506097627	15
0.2	0.0031114224425191923	-0.01621955749828179	0.0028456782577984275	-0.014459105797267113	15
0.205	0.003220488639266224	-0.016273591035362796	0.002965789243396531	-0.014785872006187615	15
0.21	0.003332271414316381	-0.016331222860080277	0.0030890798618418563	-0.01511500253651913	15
0.215	0.003447063536173047	-0.016392536392520796	0.0032156758959834093	-0.015446869856562268	15
0.22	0.0035649772301081352	-0.016457621437087015	0.0033456764606225	-0.015781815792282168	15
0.225	0.00368614268254601	-0.016526486462870013	0.0034791985802860755	-0.0161202213418015	15
0.23	0.003810717764869945	-0.016599288407174534	0.003616366189751377	-0.016462497076303248	15
0.235	0.003938856265534379	-0.016676133022305303	0.003757307267024821	-0.016809057843210448	15
0.24	0.0040707254433256825	-0.01675703037505376	0.0039021577944736976	-0.017160331281067177	15
0.245	0.004206576286850601	-0.016842108364062018	0.004051074420264602	-0.01751679183113501	15
0.25	0.004346495101747817	-0.01693160995226968	0.004204206109036466	-0.017878958426758452	16
0.255	0.004490725775379914	-0.01702550967095637	0.004361706240609805	-0.01824729485980992	16
0.26	0.004639654860373641	-0.017123922738382046	0.004523773927749521	-0.01862236409601828	16
0.265	0.004793147408501703	-0.017227075639477687	0.004690559976105361	-0.01900477933953859	16
0.27	0.0049518869950390095	-0.017335069435765807	0.004862308029511516	-0.019395149954967737	16
0.275	0.005115888161013599	-0.017448103368269005	0.005039199692365139	-0.01979415709672112	16
0.28	0.005285419871731123	-0.017566225310985346	0.005221456815805921	-0.020202511456626028	16
0.285	0.005460769562279528	-0.01768980115373106	0.005409316144832531	-0.020621005912976106	16
0.29	0.00564251986705639	-0.017818934119156502	0.005603061853750909	-0.021050466845884484	16
0.295	0.005830646932884726	-0.0179537591521984	0.0058029204250255855	-0.021491800749271293	16
0.3	0.006025739394903091	-0.01809463884799189	0.006009203022989543	-0.021946024373568664	17
0.305	0.006228186272489509	-0.018241713183575616	0.006222215305884776	-0.022414136111876173	17
0.31	0.006438279764320244	-0.018395323998701522	0.0064422733070793655	-0.02289735016382596	17
0.315	0.00665675677812656	-0.018555591422545904	0.006669753561569648	-0.02339689964946417	17
0.32	0.006883870524904037	-0.018723027386019882	0.006905002416634902	-0.023914213852762496	17
0.325	0.007120212066960183	-0.01889780306383423	0.007148421785838728	-0.02445079532442914	17
0.33	0.00736641750582686	-0.019080292412883115	0.007400441562299791	-0.025008332410563255	17
0.335	0.007622961196801855	-0.019270960787033567	0.007661488735760679	-0.025588724833181493	18
0.34	0.007890783544543341	-0.01947015471204296	0.007932094366326492	-0.026193978648682885	18
0.345	0.008170374636353573	-0.019678405586139903	0.008212737398535301	-0.0268264280159847	18
0.35	0.00846280922327328	-0.01989605147844251	0.008503989627299487	-0.027488591662993618	18
0.355	0.008768644615691665	-0.02012377047499473	0.008806401111477662	-0.028183377583967748	18
0.36	0.009089076565073746	-0.02036216691447008	0.009120605953388851	-0.028914038695251876	19
0.365	0.009425067692370705	-0.020611837857907333	0.009447270196809694	-0.02968413999505582	19
0.37	0.009778071287256468	-0.020873477465356328	0.009787102542245383	-0.030497813707170696	19
0.375	0.010148964094673828	-0.021147951303797482	0.010140783748021775	-0.03135977284396732	19
0.38	0.010539490365814417	-0.021436155757465332	0.010509101819208715	-0.032275364290791544	19
0.385	0.010950988833181814	-0.021739166986843837	0.01089276990449911	-0.033250784943922515	20
0.39	0.011385505656836927	-0.02205796681872852	0.011292659094958066	-0.03429306519945792	20
0.395	0.01184506823186187	-0.0223940442049989	0.011709533126557255	-0.0354105022149049	20
0.4	0.012331776981774348	-0.022748700698499682	0.012144107652496381	-0.036612721862865835	20
0.405	0.012848099758897077	-0.023123652845374165	0.012596981228769061	-0.03791110939499002	21
0.41	0.013397324052205471	-0.02352082803872771	0.013068811369671106	-0.039319007078599186	21
0.415	0.013982582056076269	-0.02394253117027108	0.013559832261532505	-0.040852532405783216	21
0.42	0.014607722017998908	-0.024391209670634323	0.0140698563261417	-0.04253095140511708	22
0.425	0.01527727493245075	-0.024870158909921662	0.014598276296520534	-0.044377746639316255	23
0.43	0.01599663710201753	-0.025383158699230128	0.015143550803706465	-0.04642174631969357	23
0.435	0.016771990835994538	-0.0259344495839176	0.015702519996006078	-0.04869877785515011	24
0.44	0.017611024894238096	-0.02652990895547308	0.016270069008334713	-0.05125401471367544	24
0.445	0.018523017900455397	-0.027176072088286676	0.016837303537520373	-0.054145088053785595	25
0.45	0.019519121054692237	-0.02788184091925511	0.017389915242689263	-0.05744711750009998	26