0.	-0.06643299515658596	0.050956408547284705	0	0	11
0.005	-0.06721136447570497	0.05173012566378403	0.0006733515937071383	-0.0005197615410283336	22
0.01	-0.06801306794203696	0.0525214495145189	0.001365293241555129	-0.0010604404906760278	22
0.015	-0.06883228705641291	0.05333149048182166	0.0020764753411896208	-0.0016228639770961993	22
0.02	-0.06966957415783295	0.054160886257772545	0.0028075771418636826	-0.0022078986917382173	22
0.025	-0.07052550419987694	0.055010302959583826	0.003559308262021765	-0.0028164531704265644	22
0.03	-0.07140067654638202	0.055880436397714034	0.004332410373673712	-0.0034494801977938026	22
0.035	-0.07229571767953848	0.056772018426075904	0.005127659092688644	-0.0041079797310350115	21
0.04	-0.07321127544376689	0.057685799626156165	0.0059458653650309315	-0.004793000323593668	21
0.045	-0.07414803121511537	0.05862258041401564	0.006787878171213551	-0.005505644029687427	21
0.05	-0.075106694207932	0.05958319305983838	0.007654586229029047	-0.006247068280926532	21
0.055	-0.07608800522852865	0.06056850921948613	0.008546920396978634	-0.007018489591902009	21
0.06	-0.07709273801042177	0.06157944177782049	0.009465856097973275	-0.007821187151931107	21
0.065	-0.07812170110384978	0.06261694779611683	0.010412415928434999	-0.008656506757127681	21
0.07	-0.07917574044231424	0.06368203067648864	0.011387672528952036	-0.00952586492463922	21
0.075	-0.08025574063277173	0.06477574291783604	0.012392751473263911	-0.01043075334865778	21
0.08	-0.0813626278416542	0.06589918992906046	0.013428834562723794	-0.011372743830697616	21
0.085	-0.08249737173307561	0.06705353236741511	0.014497163205728183	-0.012353493330273451	21
0.09	-0.08366098862351529	0.06823998972384292	0.015599042194526964	-0.013374749528164483	21
0.095	-0.08485454392010143	0.06945984465798209	0.016735843617833483	-0.014438356927751743	21
0.1	-0.08607915609775255	0.07071445239384172	0.017909011332122495	-0.015546264523531344	20
0.105	-0.08733599572112946	0.07200522127457878	0.0191200647792875	-0.016700527726370155	20
0.11	-0.08862629552695615	0.073333653617757	0.020370605103447643	-0.017903323438405554	20
0.115	-0.08995134968977758	0.07470132627180551	0.02166231975722412	-0.019156953207669334	20
0.12	-0.09131251864244284	0.07610990256799599	0.022996988340064	-0.0204638533450136	20
0.125	-0.09271123401305767	0.07756113797140009	0.02437648896802674	-0.02182660444727628	20
0.13	-0.09414900269295093	0.07905688597181017	0.02580280486487776	-0.02324794161100846	20
0.135	-0.09562741195937055	0.08059910591191764	0.027278031666325232	-0.024730765952067284	20
0.14	-0.09714813494156098	0.08218986963091153	0.0288043852711845	-0.026278156560601125	20
0.145	-0.0987129367409357	0.08383136990082932	0.03038421048565964	-0.027893383922489575	20
0.15	-0.10032368025514733	0.08552592932119807	0.03201999010505452	-0.02957992435131885	20
0.155	-0.10198233359859273	0.08727600916479984	0.03371435518704369	-0.03134147556449895	20
0.16	-0.10369097714477593	0.08908422074750079	0.03547009581622876	-0.033181974140466856	20
0.165	-0.10545181192611491	0.09095333648843108	0.03729017315604565	-0.03510561423767025	20
0.17	-0.10726716790241507	0.09288630178922949	0.039177732216188824	-0.037116867920590255	20
0.175	-0.10913951446336746	0.09488624901361266	0.04113611642665792	-0.03922050786529814	20
0.18	-0.11107147020859859	0.09695651204135716	0.04316888280528627	-0.041421631860367285	20
0.185	-0.11306581450104887	0.0991006511139089	0.04527981885571609	-0.04372569345112475	19
0.19	-0.1151255003684742	0.10132243743978445	0.047472961957795615	-0.046138518027397254	19
0.195	-0.11725366750059618	0.10362592174571486	0.04975261855312264	-0.048666355701476274	19
0.2	-0.11945365745795417	0.10601542346567235	0.0521233872238081	-0.05131590421267754	19
0.205	-0.12172903040824708	0.10849556239363456	0.054590183350042135	-0.05409435206658948	19
0.21	-0.12408358336725026	0.11107128485887768	0.05715826632537576	-0.05700942259043386	19
0.215	-0.1265213694063068	0.11374789222409518	0.05983326932585127	-0.06006942266470299	19
0.22	-0.12904671966927805	0.11653107328407418	0.06262123241035977	-0.06328329699378955	19
0.225	-0.1316642685799906	0.1194269400406468	0.06552863965691846	-0.06666068858005772	19
0.23	-0.13437898000296666	0.1224420661939611	0.0685624596801235	-0.07021200515545478	19
0.235	-0.13719617642846244	0.12558353136317826	0.07173019057435012	-0.07394849421207039	19
0.24	-0.14012157279682674	0.1288589701654298	0.07503991061758719	-0.07788232649388827	19
0.245	-0.14316131302272883	0.13227662671971602	0.0785003344695769	-0.08202668952710651	19
0.25	-0.14632201104325507	0.13584541542579967	0.08212087594251484	-0.08639589216476379	19
0.255	-0.14961079615228184	0.13957498970567583	0.08591171820670329	-0.09100548262633773	19
0.26	-0.15303536429107556	0.14347581859329991	0.0898838926482035	-0.09587238089768627	19
0.265	-0.156604035182733	0.14755927451954368	0.09404936757378038	-0.10101502910223387	19
0.27	-0.16032581768083698	0.15183773014375898	0.09842114862911724	-0.10645356048458815	19
0.275	-0.16421048136188107	0.15632466961307617	0.10301339136430848	-0.11220999198459179	19
0.28	-0.1682686391824978	0.16103481521727733	0.10784152934771547	-0.1183084432943606	19
0.285	-0.17251184043218587	0.16598426874457495	0.1129224199562687	-0.1247753853319159	19
0.29	-0.17695267539734516	0.17119067713329592	0.11827450893366649	-0.1316399266514159	19
0.295	-0.1816048967727656	0.1766734179988888	0.12391802061394368	-0.13893413971766094	19
0.3	-0.18648355630916022	0.1824538141122095	0.12987517421610856	-0.146693436965201	19
0.305	-0.19160516091056592	0.18855538209066292	0.13617043136864024	-0.1549570059386025	19
0.31	-0.19698785479846348	0.19500411635603224	0.1428307846416148	-0.16376831077283197	19
0.315	-0.20265162656209962	0.20182882001606434	0.1498860881844531	-0.17317567595128835	19
0.32	-0.2086185412990766	0.20906150443344942	0.15736943457567013	-0.1832329781225691	18
0.325	-0.21491305604384656	0.21673778637240726	0.16531763562490256	-0.1940004025429259	18
0.33	-0.22156229243187328	0.2248974931140642	0.1737716992996026	-0.20554543907337525	18
0.335	-0.22859645402237477	0.2335852319629389	0.18277747722612436	-0.2179439478794014	18
0.34	-0.236049264872965	0.24285113889642518	0.19238638324507723	-0.23128148026322043	18
0.345	-0.24395850095913005	0.25275175173442777	0.20265625532471115	-0.24565483950237801	18
0.35	-0.2523666202144603	0.26335105642083845	0.21365238297536177	-0.26117395233043816	18
0.355	-0.2613215102811661	0.2747217383320737	0.2254487337238935	-0.2779641168356912	18
0.36	-0.27087739183129284	0.28694670120242527	0.23812943449613694	-0.2961687304708719	18
0.365	-0.2810959028758834	0.3001209082544596	0.25179056204768346	-0.3159526088040206	18
0.37	-0.29204742225602576	0.3143536364407957	0.26654233033655694	-0.3375060565230434	18
0.375	-0.3038126808253636	0.32977125660128115	0.2825117704655299	-0.3610498964004595	18
0.38	-0.316484749113972	0.34652068148765397	0.2998460447543973	-0.38684172216425666	18
0.385	-0.3301715067865234	0.36477368451399556	0.31871658161410654	-0.415183746504951	18
0.39	-0.34499872870190174	0.3847323492461652	0.3393242650335315	-0.4464327252241846	18
0.395	-0.36111398508304926	0.4066360194247065	0.3619060200196067	-0.4810126401793653	18
0.4	-0.3786916233091319	0.43077024823309795	0.3867432565409535	-0.5194310648662515	18
0.405	-0.3979392114499748	0.4574784418058386	0.41417282741665284	-0.5623005156301146	19
0.41	-0.41910579938252684	0.4871772792636556	0.4446012208363795	-0.6103667259650102	19
0.415	-0.4424931749456561	0.5203771796196688	0.47852379887799795	-0.6645463887055948	19
0.42	-0.46847060763808396	0.5577102291614315	0.5165503112146621	-0.7259786211319796	19
0.425	-0.49749515040370784	0.5999686395942784	0.5594400756613435	-0.7960960645815959	19
0.43	-0.5301397779740371	0.6481588135253913	0.6081510081407165	-0.8767250479781343	19
0.435	-0.5671332719504212	0.7035790121987825	0.663909452273455	-0.9702297746397365	19
0.44	-0.6094180723099466	0.7679335597272412	0.7283119838912242	-1.0797248243660085	19
0.445	-0.6582364717804474	0.8435055421059816	0.8034778787054576	-1.2093971970952941	19
0.45	-0.7152630811751018	0.933426445736551	0.8922846778533067	-1.3650102499710268	19
0.455	-0.7828160333265434	1.0421131030850934	0.9987458469310775	-1.5547222500984295	19
0.46	-0.8642087860723116	1.1760087638249634	1.128643366887869	-1.7904777199023567	20
0.465	-0.9643675611942631	1.3449095137061609	1.2906447623398616	-2.090504024138883	20
0.47	-1.090991356036102	1.564506169514167	1.4984140547852547	-2.4841069564294678	20
0.475	-1.2569216829618552	1.861696719334451	1.7749523752104428	-3.021719248277091	20
0.48	-1.485571916231237	2.2870601881011563	2.1626097769512707	-3.7985568353951833	21
0.485	-1.8255512875965842	2.949389552009514	2.750246442212397	-5.020292400282358	22
0.49	-2.401423076826278	4.139390866092735	3.7682513722673336	-7.23901645535636	24
0.495	-3.6990672858983147	7.0530571917898355	6.12763384357153	-12.737923045404976	27