0.	Indeterminate	Indeterminate	0	0	11
0.005	-0.04725517274336008	0.028215043129040815	0.0004735369803697314	-0.000283641588172492	22
0.01	-0.047989171187055375	0.02881087374768711	0.0009637991983737847	-0.0005823119249080519	22
0.015	-0.048738042816306906	0.02942156455375873	0.0014713492168816106	-0.0008966594483445642	22
0.02	-0.04950227703523998	0.03004764327974252	0.0019967751122564486	-0.0012273647490977486	22
0.025	-0.050282382955272674	0.0306896616878974	0.0025406918087510213	-0.0015751424740503106	22
0.03	-0.051078894508389844	0.03134819707355789	0.0031037427671025204	-0.0019407433618277626	21
0.035	-0.051892357789813395	0.03202385330299346	0.0036866007502830227	-0.002324956390758826	21
0.04	-0.05272335243615573	0.03271726275886204	0.004289970594163095	-0.002728611125214114	21
0.045	-0.05357247964913818	0.033429087899256686	0.004914590276814846	-0.0031525801998449022	21
0.05	-0.054440366650036875	0.03416002258462849	0.005561232965818533	-0.003597781949500762	21
0.055	-0.05532766831023603	0.03491079463849736	0.0062307090304802686	-0.004065183318507472	21
0.06	-0.0562350686331131	0.0356821671394837	0.0069238682039824	-0.004555802865576462	21
0.065	-0.05716328208142299	0.03647494106971148	0.0076416018428592395	-0.005070714100052758	21
0.07	-0.05811305619156312	0.037289957572887396	0.008384845496078654	-0.005611049022296611	21
0.075	-0.059085172686963346	0.03812809980548107	0.00915458145512874	-0.0061780018367611055	21
0.08	-0.06008045347347378	0.03899029758189063	0.009951842236897398	-0.006772833366734971	20
0.085	-0.061099747150906554	0.03987752564270766	0.01077771104764115	-0.007396874676054104	20
0.09	-0.0621439555900411	0.040790812453846914	0.011633328972104732	-0.008051532821869207	20
0.095	-0.06321401965741072	0.04173124021573352	0.012519895798180277	-0.00873829540941052	20
0.1	-0.06431092606416051	0.042699948498843315	0.013438674452665415	-0.009458736144550218	20
0.105	-0.06543571064938754	0.04369813920498195	0.014390995115622002	-0.010214521026532902	20
0.11	-0.06658946106042794	0.044727079595782274	0.015378259508653298	-0.01100741459380786	20
0.115	-0.06777332029489828	0.045788107205566864	0.016401945687279623	-0.011839287041024993	20
0.12	-0.06898848967631038	0.04688263475355571	0.017463612950685218	-0.01271212181094758	20
0.125	-0.07023623345051397	0.04801215551806108	0.018564907505190194	-0.01362802389291718	20
0.13	-0.07151788259920744	0.04917824816524598	0.019707568335618333	-0.014589228540239356	20
0.135	-0.07283484307970481	0.05038258621008485	0.020893434719039726	-0.015598111996170151	19
0.14	-0.07418858406304885	0.05162693448649753	0.02212444840055918	-0.016657198922172146	19
0.145	-0.07558066901006938	0.052913171136050985	0.023402668466505436	-0.017769178469477075	19
0.15	-0.07701274337662013	0.05424328561558635	0.02473027446287484	-0.01893691380945465	19
0.155	-0.07848654604424879	0.05561938926095641	0.02610957681658464	-0.020163456470593664	19
0.16	-0.08000391496085013	0.05704372537099999	0.02754302613770273	-0.021452061526819353	19
0.165	-0.08156679482405008	0.05851867922878891	0.02903322391024738	-0.022806203965781802	19
0.17	-0.0831772445806629	0.06004678842692499	0.030582933819050716	-0.024229596334447608	19
0.175	-0.08483744669155176	0.061630755931751685	0.032195094573289326	-0.025726208787137023	19
0.18	-0.08654971580135006	0.06327346282245783	0.03387283329695598	-0.02730029044978207	19
0.185	-0.08831650900615387	0.06497798353850068	0.03561948056715175	-0.028956393421065922	19
0.19	-0.09014043671091	0.0667476011654412	0.037438586702276386	-0.03069939869792189	19
0.195	-0.09202427928212091	0.06858583010882549	0.039333941643978236	-0.03253454731810891	18
0.2	-0.09397098474603939	0.0704964164721886	0.04130958825536849	-0.034467463459904764	18
0.205	-0.09598370602892389	0.07248338855439487	0.04336985334887378	-0.03650420292253332	18
0.21	-0.09806580248853855	0.07455106115484014	0.045519365742621984	-0.03865128339240449	18
0.215	-0.1002208608162733	0.07670406596374861	0.047763084080314745	-0.04091572964648799	18
0.22	-0.1024527143984385	0.07894738114017888	0.050106325934923715	-0.04330512182307564	18
0.225	-0.10476546586293699	0.08128636439928784	0.052554800636165716	-0.045827649492398356	18
0.23	-0.10716351061599029	0.08372678761655145	0.0551146451593102	-0.04849217064272035	18
0.235	-0.1096515626176922	0.08627487707066891	0.057792463706308896	-0.051308278572110816	18
0.24	-0.11223468456134791	0.08893735872616569	0.06059537249186796	-0.05428637681121699	18
0.245	-0.11491832050885924	0.09172150804010301	0.06353104941128589	-0.057437762862411	18
0.25	-0.11770833266872431	0.09463521356943685	0.06660778930553038	-0.06077472676225806	17
0.255	-0.12061104136439497	0.09768700832630192	0.06983456687325737	-0.06431063837824283	17
0.26	-0.12363327192448198	0.1008861880701277	0.07322110528362086	-0.06806009490067307	17
0.265	-0.12678240448120257	0.1042428601453958	0.07677795499396024	-0.0720390378042936	17
0.27	-0.13006643329498258	0.10776804105914492	0.08051658284682392	-0.07626491047440226	17
0.275	-0.13349403044895555	0.1114737589240457	0.08444947142218696	-0.08075683240689832	17
0.28	-0.13707461964326248	0.11537317110025996	0.08859023229400612	-0.08553579838055299	17
0.285	-0.1408184601488481	0.1194806948112784	0.09295373557092759	-0.09062490410990016	17
0.29	-0.14473673958162553	0.12381216116236157	0.09755625494649164	-0.0960496074028563	17
0.295	-0.14884167467522283	0.12838499480715404	0.1024156298684946	-0.1018380308092879	16
0.3	-0.15314666908494604	0.13321838449961204	0.1075514844248801	-0.1080212861452555	16
0.305	-0.15766640044393915	0.13833355973399447	0.11298540608238021	-0.11463390304047864	16
0.31	-0.16241701942701658	0.14375402575398372	0.11874122869217187	-0.12171426941647874	16
0.315	-0.16741632710591972	0.14950588070260334	0.12484531931435922	-0.1293051735868627	16
0.32	-0.1726839915314431	0.15561817860193514	0.13132691978669758	-0.13745443342783406	16
0.325	-0.1782418001314829	0.16212335015986212	0.1382185459206031	-0.14621563159826326	16
0.33	-0.1841139527266469	0.16905769980376856	0.14555645331255335	-0.15564898339085936	16
0.335	-0.19032740683855376	0.17646199047135988	0.15338118624095498	-0.16582236185851984	16
0.34	-0.19691228086077855	0.1843821378857169	0.1617382238043414	-0.17681251674183915	16
0.345	-0.20390233476463013	0.19287003640452022	0.17067874854705736	-0.18870652923209186	16
0.35	-0.21133553976811661	0.20198455043844202	0.1802605626568875	-0.20160356023839332	16
0.355	-0.21925477074160166	0.21179270721713636	0.19054919667685774	-0.2156169606966981	17
0.36	-0.2277085641735011	0.22237111652746738	0.20161917904164717	-0.23087680311744366	17
0.365	-0.23675219207377682	0.2338077577556411	0.21355571785537786	-0.24753304026392137	17
0.37	-0.2464488058658997	0.2462041092307654	0.2264566079441041	-0.26575931673031766	17
0.375	-0.2568709158495156	0.25967780945223423	0.24043464594791775	-0.2857577230392541	17
0.38	-0.2681022019857022	0.2743659578071157	0.2556206060531171	-0.30776471354519985	17
0.385	-0.2802397669344836	0.29042925685166815	0.27216695792384915	-0.33205855128474443	17
0.39	-0.2933969358124795	0.3080572180094767	0.29025252403832336	-0.35896870469965814	16
0.395	-0.3077069007572061	0.3274749639882469	0.31008847974906284	-0.3888880776165595	16
0.4	-0.32332717302491876	0.3489516982091585	0.331925888630469	-0.4222884385247698	16
0.405	-0.3404455442492937	0.37281206848298987	0.3560656475478692	-0.45974100152978514	16
0.41	-0.3592878163388256	0.3994510990194	0.3828714999145389	-0.5019436121641911	18
0.415	-0.38012784960513063	0.4293538066054284	0.4127871979959368	-0.5497566520033931	18
0.42	-0.4033015198732476	0.4631227194024776	0.4463600534328244	-0.6042532736664566	18
0.425	-0.42922531539994774	0.5015150459813354	0.48427288349246794	-0.6667877179751636	18
0.43	-0.4584224664671806	0.5454954632991389	0.5273889055831782	-0.7390924476403828	18
0.435	-0.49156001315836173	0.5963120017848895	0.576815799157731	-0.8234181710544727	18
0.44	-0.5295027063560805	0.6556078320906289	0.6339993719469236	-0.9227406930830754	18
0.445	-0.5733935278794665	0.7255906296585961	0.7008642687999967	-1.0410751452427511	18
0.45	-0.6247777844065787	0.8092975080255227	0.7800320860993419	-1.1839688690638148	18
0.455	-0.6858016996655677	0.9110252650262474	0.8751725060000453	-1.3593041851423937	20
0.46	-0.759543528016932	1.0370607684667499	0.9915926367115262	-1.5786646845878831	20
0.465	-0.8505986948227159	1.1969922280076934	1.1372847919500895	-1.8597956627509613	20
0.47	-0.9661807161287548	1.4062250455870429	1.3249120234102354	-2.231338096717916	20
0.475	-1.1183821314214617	1.69125043138929	1.5759148832149255	-2.742772491250401	20
0.48	-1.3293785166632044	2.102038718069926	1.9300366929284847	-3.4878814640531943	20
0.485	-1.6455262454756687	2.7464106508370407	2.471341021318871	-4.670031325978515	23
0.49	-2.1866074716307424	3.9133643100693565	3.4199202420937986	-6.837213091531223	25
0.495	-3.425045562777843	6.795427097571495	5.6574231122073275	-12.264098918817435	28