0.	-0.16251429159226669	0.0724387315852999	0	0	11
0.005	-0.16332582087976658	0.07324889906637962	0.0016370053306563226	-0.0007369326927530681	22
0.01	-0.16417696339476834	0.07407664577276415	0.0032986594360629	-0.0014995040144465083	22
0.015	-0.16505684298095796	0.07492620396559976	0.00498603076894329	-0.0022886754723906296	21
0.02	-0.16596604622367883	0.0757982281081899	0.006700223545444053	-0.003105452361800873	21
0.025	-0.16690520654432467	0.07669343151006741	0.008442380634607727	-0.003950887686665254	21
0.03	-0.16787498581661445	0.07761255084068652	0.010213685442804727	-0.0048260839611518926	21
0.035	-0.16887608048677377	0.07855635724144094	0.012015364471733311	-0.0057321962532492325	21
0.04	-0.16990922299640812	0.0795256584817933	0.013848689855941931	-0.00667043523182379	21
0.045	-0.17097518375893536	0.08052130061504123	0.015714982137492457	-0.007642070397604464	21
0.05	-0.1720747724034318	0.08154417015416268	0.01761561315931213	-0.008648433560552886	21
0.055	-0.17320884011626123	0.08259519647064192	0.019552009135853095	-0.009690922546460996	21
0.06	-0.17437828115527215	0.08367535400739058	0.02152565392040161	-0.010771005171657529	21
0.065	-0.17558403514779372	0.0847856652379779	0.02353809249615757	-0.011890223532647275	21
0.07	-0.1768270896936671	0.08592720291676947	0.0255909347194413	-0.01305019850737299	21
0.075	-0.17810848210075098	0.08710109324730589	0.027685859175094814	-0.014252634669572446	21
0.08	-0.1794293071938172	0.08830852955706472	0.02982461821028541	-0.015499327317536962	20
0.085	-0.1807907017369987	0.08955073469176106	0.03200903957491274	-0.01679216129937751	20
0.09	-0.1821938743198524	0.09082902594336115	0.034241035358714575	-0.0181331271207731	20
0.095	-0.1836400909860706	0.09214477827415227	0.03652260446615897	-0.01952432091478195	20
0.1	-0.185130682605968	0.09349943857109932	0.03885583875455953	-0.02096795310411093	20
0.105	-0.18666704945325857	0.09489453047278534	0.041242929059124724	-0.022466356004971363	20
0.11	-0.18825066439958854	0.0963316589974305	0.04368617136316378	-0.024021991953363755	20
0.115	-0.1898830776031552	0.09781251601248314	0.04618797379391718	-0.025637462233009382	20
0.12	-0.19156592091650484	0.0993388862963189	0.04875086382430824	-0.027315516675236327	20
0.125	-0.19330091335646227	0.10091265343710837	0.051377496290378286	-0.0290590639705015	20
0.13	-0.1950898658839208	0.10253580629362291	0.05407066176271033	-0.03087118278363691	20
0.135	-0.1969346875540759	0.10421044708102051	0.05683329585085591	-0.032755134175393906	20
0.14	-0.19883739162006464	0.10593879853910945	0.05966848898987185	-0.03471437456064545	20
0.145	-0.20080010262157794	0.10772321274790896	0.06257949731621679	-0.036752570194730314	20
0.15	-0.20282506331795405	0.10956618061924253	0.06556975407973781	-0.03887361274848375	20
0.155	-0.20491464293074912	0.11147034130176375	0.06864288237584129	-0.04108163614738429	20
0.16	-0.2070713482062825	0.11343850657279109	0.07180270937074312	-0.043381039805101024	19
0.165	-0.2092978227297168	0.1154736222417866	0.07505327837568383	-0.045776490920843516	19
0.17	-0.21159687169096442	0.11757885680506604	0.07839886885082803	-0.048272973123114196	19
0.175	-0.21397146380400894	0.11975756503491897	0.08184401163561372	-0.05087579302781148	19
0.18	-0.21642474517140314	0.12201331633407098	0.08539350830404209	-0.05359061103773975	19
0.185	-0.21896005281209618	0.12434991217550158	0.08905245225415721	-0.05642347045223184	19
0.19	-0.22158092844753696	0.12677140456317296	0.09282625123938928	-0.05938082937329169	19
0.195	-0.22429113484439925	0.12928211633060935	0.09672065260961056	-0.06246959558861842	19
0.2	-0.2270946723391271	0.1318866644367125	0.10074177027652019	-0.06569716544067114	19
0.205	-0.22999579807047182	0.13458998456374266	0.10489611492550736	-0.06907146634722963	19
0.21	-0.2329990467540937	0.13739735863112396	0.10919062694199164	-0.07260100380045603	19
0.215	-0.2361092527065058	0.14031444501634743	0.11363271255247948	-0.07629491349634834	19
0.22	-0.239331574955429	0.14334731249570573	0.1182302837253811	-0.08016301908643851	19
0.225	-0.24267152562965716	0.14650247762265667	0.1229918026962412	-0.08421589650494551	19
0.23	-0.24613499968381192	0.1497869454603149	0.12792633059726247	-0.08846494471282901	19
0.235	-0.24972830816742606	0.15320825604598168	0.13304358140480807	-0.09292246554318737	19
0.24	-0.25345821626221454	0.15677453567615227	0.13835398224321838	-0.09760175219719608	19
0.245	-0.2573319845468508	0.16049455415685604	0.14386874035891373	-0.10251718853860786	19
0.25	-0.2613574151673145	0.16437778853219195	0.14959991749448603	-0.10768435989204708	19
0.255	-0.2655429029631701	0.16843449515175202	0.15556051314517316	-0.11312017809098728	19
0.26	-0.269897492963564	0.17267578989721347	0.16176455751590896	-0.11884302158570353	19
0.265	-0.27443094465785217	0.1771137398964374	0.16822721614040484	-0.12487289421447174	19
0.27	-0.2791538047033939	0.18176146489172063	0.17496490743738474	-0.13123160379838905	19
0.275	-0.2840774872443828	0.18663325365191302	0.18199543484478747	-0.13794296536781636	19
0.28	-0.2892143612921594	0.19174471350092465	0.18933813216474177	-0.14503304360850033	18
0.285	-0.29457787270362135	0.19711284830381168	0.19701404932634617	-0.152530367978524	18
0.29	-0.3001826330682272	0.20275633597522197	0.20504611996289154	-0.16046630369401677	18
0.295	-0.3060445723019126	0.20869565203531038	0.213459396985144	-0.1688753483776798	18
0.3	-0.31218108545812795	0.21495331075649135	0.2222812985982855	-0.17779553857451674	18
0.305	-0.3186112056122167	0.2215541239689296	0.2315418935313281	-0.18726890620919392	18
0.31	-0.32535580421794275	0.22852549671379005	0.2412742319768421	-0.19734200413683547	18
0.315	-0.33243781926453736	0.23589777155922556	0.25151472431268085	-0.2080665176265431	18
0.32	-0.339882520334976	0.24370463021945604	0.2623035806022704	-0.21949997737378651	18
0.325	-0.34771781523219264	0.2519835596019821	0.2736853214083832	-0.23170659153115944	18
0.33	-0.35597460646682944	0.26077640020226645	0.28570937294988585	-0.24475822422098958	18
0.335	-0.3646872087476214	0.27012998985772063	0.29843076439839583	-0.2587355478061051	18
0.34	-0.3738938369995214	0.28009692665621533	0.31191094796705043	-0.27372940918374356	18
0.345	-0.3836371841375367	0.2907364733692143	0.32621876803582633	-0.28984245487683247	18
0.35	-0.3939651052437292	0.302115640118375	0.3414316138118315	-0.3071910770271501	18
0.355	-0.4049314282594998	0.3143104794633504	0.35763679143998384	-0.32590774980137394	18
0.36	-0.4165969306452943	0.32740765555937623	0.37493317542082366	-0.3461438603018604	18
0.365	-0.42903051012306387	0.3415063461684341	0.3934331997050717	-0.3680731504195644	18
0.37	-0.4423106094610574	0.35672056881703124	0.4132652811408057	-0.3918959339668595	18
0.375	-0.4565269490495841	0.37318204765939766	0.4345767818972006	-0.4178443007965439	18
0.38	-0.47178265884325554	0.3910437662926189	0.4575376598394476	-0.4461885812329518	18
0.385	-0.48819692131021125	0.4104844137453724	0.4823450096700814	-0.47724545078366876	18
0.39	-0.5059082680378276	0.4317139904483557	0.509228744614904	-0.5113881687959274	18
0.395	-0.5250787369194181	0.45498095121510207	0.5384587845903912	-0.5490596492709827	18
0.4	-0.545899169773963	0.48058139479470724	0.5703542424266874	-0.5907893081321591	18
0.405	-0.568596018733869	0.5088710230134506	0.6052952707339425	-0.6372150326832026	18
0.41	-0.5934402202216533	0.5402808940139325	0.6437385575381487	-0.6891121782002938	18
0.415	-0.62075890224692	0.5753384618029184	0.6862378388477721	-0.747432368600859	18
0.42	-0.6509510477876995	0.6146960954427595	0.7334714505022466	-0.813356198041408	18
0.425	-0.6845088677222328	0.6591703832445778	0.7862800244698829	-0.8883660229872498	19
0.43	-0.7220471340894644	0.7097974065954376	0.8457185764634033	-0.9743484436327962	19
0.435	-0.7643452160179373	0.7679118570364379	0.9131311316079893	-1.0737414953709972	19
0.44	-0.8124072404842376	0.8352634812516658	0.9902583269791772	-1.1897514784178131	18
0.445	-0.8675523197081397	0.9141928140796024	1.0793990560872364	-1.3266812129953252	19
0.45	-0.9315514560942988	1.0079053720333562	1.1836574947830285	-1.4904426439281317	19
0.455	-1.0068472437261724	1.120915335613154	1.307340338417381	-1.6893890714017061	19
0.46	-1.0969171364022157	1.2597972401220623	1.4566175128108056	-1.935727354104486	19
0.465	-1.2069106806909704	1.4345297888258985	1.6406863991166871	-2.248048703820179	20
0.47	-1.3448414192676275	1.6610676683892498	1.87396104708782	-2.656183689751434	20
0.475	-1.5240176121466225	1.9667096455260966	2.1805598421437544	-3.2113601509916765	20
0.48	-1.7685917867529808	2.4026856208624667	2.6046107455490333	-4.010082735461981	21
0.485	-2.1284614493223843	3.0789525839493206	3.2380887804726224	-5.260324415816325	22
0.49	-2.730803630437189	4.288640441031996	4.317739219349902	-7.518957209854676	24
0.495	-4.068586535467942	7.23448092301231	6.77192054945041	-13.082446374478852	27