0.	-0.22819749042996065	-0.08865821611731704	0	0	21
0.005	-0.229158024604858	-0.08674417912045818	0.002299507119871781	0.0008667521631763487	21
0.01	-0.23015944720843004	-0.08483629075396702	0.004635031704912963	0.0016937127588629274	21
0.015	-0.2312023647590986	-0.08293321892626057	0.007008037997626935	0.0024806368343622117	21
0.02	-0.23228742799862762	-0.08103362646782773	0.009420038722861306	0.0032272150005844932	21
0.025	-0.23341533261070951	-0.07913616873211302	0.01187259798663441	0.003933071885849913	21
0.03	-0.2345868211598714	-0.07723949050288861	0.014367334321007121	0.004597764381102577	21
0.035	-0.23580268450117414	-0.0753422235765443	0.01690592395109227	0.00522077970170922	21
0.04	-0.2370637630103405	-0.07344298374649741	0.019490104140803387	0.0058015331671690705	21
0.045	-0.23837094892228233	-0.07154036760759777	0.022121676814950367	0.006339365700241325	21
0.05	-0.23972518798470982	-0.06963294997623264	0.024802512390225323	0.006833541157714239	21
0.055	-0.2411274682024646	-0.06771928345713575	0.027534552220176454	0.007283243626550449	20
0.06	-0.24257887636463005	-0.06579788166763867	0.030319818946568836	0.007687572514260165	20
0.065	-0.24408051812917617	-0.0638672376797077	0.03316041209919212	0.008045541416816744	20
0.07	-0.24563357655118337	-0.061925804691691316	0.03605851882362773	0.008356072351315027	20
0.075	-0.2472393004932093	-0.05997199697797639	0.03901641752627342	0.008617991911399355	20
0.08	-0.2488990075993947	-0.0580041849637568	0.042036483319130596	0.008830026364187426	20
0.085	-0.2506140878585366	-0.05602069195741137	0.045121193918553376	0.008990796587492578	20
0.09	-0.25238600746353695	-0.054019789299107536	0.04827313587941074	0.009098812328163779	20
0.095	-0.25421631202766	-0.05199969147237146	0.05149501111925455	0.009152465994831667	20
0.1	-0.2561066309109699	-0.0499585517707562	0.054789644163557416	0.009150026081101378	20
0.105	-0.2580586819326487	-0.047894456046558925	0.05815998969860901	0.009089629660149147	20
0.11	-0.2600742759369041	-0.04580541795791953	0.06160914066824486	0.008969274609423837	20
0.115	-0.2621553221099581	-0.04368937253550415	0.06514033719629905	0.008786810916392846	20
0.12	-0.26430381910325107	-0.04154417301868972	0.06875697214247256	0.008539932224850458	19
0.125	-0.26652191791053775	-0.03936756976873179	0.07246261567137274	0.008226161493132779	19
0.13	-0.26881184313457485	-0.037157225339882125	0.07626100469735267	0.007842846260192674	19
0.135	-0.27117595659846294	-0.03491069043978101	0.08015606869194719	0.0073871420385782025	19
0.14	-0.2736167509645577	-0.032625399809808844	0.08415193877873517	0.006856000312971934	19
0.145	-0.27613685790814785	-0.03029866249982468	0.08825296141344463	0.006246153944059887	19
0.15	-0.2787390564466358	-0.027927651936677914	0.09246371287118552	0.005554101539735987	19
0.155	-0.281426283249257	-0.025509395216534204	0.09678901544459025	0.004776090261373472	19
0.16	-0.28420164215041555	-0.023040760713856405	0.10123395429889624	0.00390809685482316	19
0.165	-0.2870684157241849	-0.020518445229204554	0.10580389627660639	0.002945807070881632	19
0.17	-0.2900300772506639	-0.01793896055999316	0.11050450999736344	0.0018845933128804788	19
0.17500000000000002	-0.2930903043904052	-0.01529861742128473	0.11534178815083633	0.000719489647831726	19
0.18	-0.2962529931256878	-0.012593509221268971	0.12032207106406613	-0.0005548352168471028	19
0.185	-0.29952227346380067	-0.009819493254366173	0.1254520727976443	-0.0019441078517917591	19
0.19	-0.3029025263353431	-0.006972171294522753	0.13073890956411643	-0.0034544828277709126	19
0.195	-0.3063984028788124	-0.004046867370477797	0.1361901309911793	-0.005092578923089293	19
0.2	-0.310014843922029	-0.0010386036017398376	0.14181375358926906	-0.0068655190203956405	19
0.20500000000000002	-0.3137570868496801	0.002057922797985723	0.14761829078662445	-0.008780972133734945	18
0.21	-0.3176307541679804	0.005248383698732054	0.15361282311554184	-0.010847210682926163	18
0.215	-0.32164178355248924	0.00853882870737508	0.1598069989211172	-0.013073151190682933	18
0.22	-0.32579652161985756	0.011935737127408773	0.16621111258333449	-0.015468423139077432	18
0.225	-0.3301017408743749	0.015446054015952157	0.17283615184472975	-0.018043433790255792	18
0.23	-0.33456467525341943	0.01907723305847931	0.17969385753500502	-0.020809441527977413	18
0.23500000000000001	-0.33919305904979624	0.022837285494014314	0.1867967896763547	-0.023778638699540597	18
0.24	-0.34399517119792566	0.026734834907140306	0.19415840073084556	-0.02696424408260672	18
0.245	-0.3489798835879033	0.030779177732737244	0.20179311725403187	-0.030380606125292867	18
0.25	-0.35415671509252916	0.03498035083711879	0.20971643013973587	-0.034043318627402286	18
0.255	-0.3595358910392414	0.03934920759254597	0.2179449954793577	-0.03796935091336574	18
0.26	-0.3651284102111201	0.043897502890103184	0.22649674692955732	-0.04217719422824834	18
0.265	-0.37094611891896995	0.048637989979369065	0.23539102133311293	-0.04668702725703391	18
0.27	-0.3770017955510502	0.05358452818865454	0.24464870032439429	-0.05152090311009846	18
0.275	-0.38330924335211664	0.05875220546393757	0.2542923686506213	-0.05670296114979304	18
0.28	-0.38988339604634015	0.06415747821739572	0.2643464922745353	-0.06225966844907864	18
0.28500000000000003	-0.39674043736499365	0.06981832778925195	0.27483762127638306	-0.06822009352994493	18
0.29	-0.40389793408580876	0.0757544422493305	0.2857946165194955	-0.07461622109838525	18
0.295	-0.4113749900060163	0.08198742148922174	0.29724891050886787	-0.08148331113981487	18
0.3	-0.4191924188451237	0.08854101311034544	0.30923480263648373	-0.0888603118926223	18
0.305	-0.4273729406042736	0.09544138521359642	0.32178979487710024	-0.09679033736087914	18
0.31	-0.43594140954993216	0.10271743904551772	0.3349549803877771	-0.1053212174157317	18
0.315	-0.44492507282173227	0.11040117180147235	0.34877548704518263	-0.11450613745245888	18
0.32	-0.45435386927329	0.11852810020391716	0.3633009896444686	-0.12440438458096854	18
0.325	-0.46426077554419004	0.12713775184684506	0.37858630431595536	-0.13508221818228955	18
0.33	-0.47468220645909726	0.1362742427605428	0.3946920782666174	-0.14661389341374653	18
0.335	-0.48565848311493554	0.14598695570765627	0.41168559538317895	-0.15908286707186625	18
0.34	-0.49723437820072136	0.1563313426622332	0.42964172024497005	-0.1725832257026508	18
0.34500000000000003	-0.5094597600178095	0.1673698769148335	0.4486440101248784	-0.1872213857924166	18
0.35000000000000003	-0.5223903520819658	0.179173191597659	0.468786032151458	-0.20311812795372625	18
0.355	-0.5360886325397276	0.19182144000440637	0.4901729274567732	-0.22041103795982128	18
0.36	-0.55062491183832	0.20540594430915704	0.5129232842018555	-0.23925746499773692	18
0.365	-0.5660786227406269	0.22003119119525005	0.5371713897443957	-0.2598381150830543	18
0.37	-0.5825398843423564	0.23581727267112443	0.5630699604190353	-0.2823614543674718	18
0.375	-0.6001113980495972	0.2529028899656288	0.5907934654746188	-0.3070691372549427	18
0.38	-0.6189107737124344	0.2714490744798055	0.6205422075962168	-0.3342427479666293	18
0.385	-0.639073403265605	0.29164384071032023	0.6525473784064963	-0.3642122466655794	18
0.39	-0.6607560343191148	0.3137080470639394	0.6870773590941446	-0.3973666327795731	18
0.395	-0.6841412609052457	0.3379028571442967	0.7244456586466728	-0.4341675479535957	18
0.4	-0.7094432268930966	0.36453933064722377	0.7650210156952019	-0.47516679748361795	18
0.405	-0.7369179713010462	0.3939897767505244	0.8092363827717849	-0.5210223773627274	12
0.41000000000000003	-0.7668577095877056	0.42670972539977137	0.8576257806169607	-0.5725625850360637	18
0.41500000000000004	-0.7996337253213566	0.4632486826964532	0.9108066601130912	-0.6307582550834264	18
0.42	-0.8356825878942936	0.5042908908717865	0.9695496029571655	-0.6968453790515876	18
0.425	-0.8755439226360832	0.5506905645660837	1.0347988756121522	-0.7723664605146645	18
0.43	-0.9198885052868238	0.6035302113808881	1.1077325015339485	-0.859283221004607	18
0.435	-0.969562130113837	0.66420260841572	1.1898415095258636	-0.9601286835948911	18
0.44	-1.0256488640894403	0.7345310385130989	1.2830445717478018	-1.0782307573159489	18
0.445	-1.0895647955774888	0.8169506592298004	1.3898584335935713	-1.2180502466071297	19
0.45	-1.1632008305522754	0.9147906885362955	1.5136586139329282	-1.3857080108684594	19