0.	Indeterminate	Indeterminate	0	0	11
0.005	-0.040634811778197256	0.024612675210706876	0.0002715836588634127	-0.00016513572075749347	23
0.01	-0.04111791944230366	0.02498085573266679	0.0005510176836523326	-0.0003373454466373863	23
0.015	-0.04160986541133205	0.02535387187400781	0.0008385396641680923	-0.0005168220616288504	23
0.02	-0.04211095975805744	0.025731860482064432	0.0011343984990343176	-0.0007037654700714929	23
0.025	-0.042621524456061245	0.026114962049699007	0.001438855085916822	-0.0008983829079788716	23
0.03	-0.0431418937616858	0.026503321944631134	0.0017521829062420854	-0.0011008892973937182	23
0.035	-0.04367241798427493	0.02689708857467285	0.0020746688327254537	-0.0013115075167115867	22
0.04	-0.044213453809009984	0.02729641986880591	0.0024066132813131734	-0.0015304690487825598	22
0.045	-0.0447653797541032	0.027701474260608254	0.002748331779574088	-0.0017580139943723324	22
0.05	-0.045328588107592487	0.028112417084960012	0.0031001553223156415	-0.001994391733008628	22
0.055	-0.045903486669307124	0.028529419032705474	0.0034624311145886764	-0.00223986126485729	22
0.06	-0.04649050128280281	0.028952656658364453	0.0038355239947175336	-0.0024946917602195213	22
0.065	-0.0470900758329092	0.029382312509396363	0.004219816941729365	-0.0027591629594949174	22
0.07	-0.04770267335965571	0.02981857538517468	0.004615712355815498	-0.003033565732350362	22
0.075	-0.048328777850007304	0.03026164078870444	0.005023633155961239	-0.003318202622319918	22
0.08	-0.04896889473271225	0.030711710552808323	0.005444024077314227	-0.003613388388963644	22
0.085	-0.04962355216454749	0.03116899414017057	0.005877352823650052	-0.0039194506570928355	22
0.09	-0.05029330331265933	0.03163370811822357	0.006324111700255564	-0.004236730541186525	22
0.095	-0.05097872659737777	0.03210607718472343	0.006784818863065533	-0.004565583361786007	22
0.1	-0.05168042806969183	0.032586333495156154	0.007260020071990086	-0.0049063792510679	22
0.105	-0.05239904288739318	0.03307471837766486	0.007750290499890112	-0.005259504109497332	22
0.11	-0.05313523687918249	0.033571481569182104	0.008256236424309829	-0.005625360238286932	22
0.115	-0.05388970931373341	0.034076882244541494	0.00877849754793601	-0.00600436728993061	22
0.12	-0.05466319699880965	0.034591188052860086	0.00931774937574355	-0.006396963032451939	21
0.125	-0.055456464493681856	0.0351146802376338	0.009874703545773834	-0.00680360492830578	21
0.13	-0.05627032554635548	0.03564764730604364	0.010450113686467215	-0.0072247702243081365	21
0.135	-0.057105633417998965	0.03619038970199859	0.011044776049693962	-0.007660957614720765	21
0.14	-0.0579632859533343	0.036743219835583624	0.01165953272564298	-0.00811268838705781	21
0.145	-0.05884422925952775	0.03730646250616413	0.012295275180732012	-0.00858050762734251	21
0.15	-0.059749461138591	0.03788045459992834	0.012952947687775593	-0.009064985418413921	21
0.155	-0.060680034231563186	0.038465546739659726	0.013633551031615544	-0.009566718321391077	21
0.16	-0.06163705969693246	0.03906210371818143	0.014338146528540043	-0.010086331009582644	21
0.165	-0.06262171237987127	0.03967050506735913	0.015067860744578835	-0.010624477733381934	21
0.17	-0.06363523449376196	0.04029114508790912	0.015823890304117356	-0.011181843952128217	21
0.175	-0.06467894096117031	0.040924435134545675	0.016607507165349533	-0.011759148457698937	21
0.18	-0.06575422469108727	0.041570802737406924	0.017420064349717372	-0.012357144965118173	21
0.185	-0.06686256254257761	0.04223069354117455	0.018263002551062946	-0.012976624479014098	21
0.19	-0.06800552192923814	0.042904571719041336	0.01913785676985236	-0.013618417362806305	21
0.195	-0.06918476733626729	0.04359292130085806	0.020046264070320504	-0.01428339585025337	21
0.2	-0.07040206861460983	0.044296246534795185	0.020989971892158198	-0.014972476636611347	21
0.205	-0.07165930916874753	0.045015073016210785	0.02197084740377124	-0.015686623343896467	21
0.21	-0.07295849489676408	0.04574994880750458	0.022990887214475505	-0.016426849663274474	21
0.215	-0.07430176525562986	0.04650144622276034	0.024052228817494494	-0.017194222682109565	21
0.22	-0.07569140329042796	0.04727016141021945	0.02515716277606451	-0.017989865821945412	21
0.225	-0.07712984924346321	0.04805671707429261	0.02630814616876827	-0.018814962880497	21
0.23	-0.07861971274366335	0.04886176273577636	0.027507817484177716	-0.019670761673219714	21
0.235	-0.08016378964565847	0.04968597636434495	0.028759013804777453	-0.020558578451278783	21
0.24	-0.08176508178417691	0.050530066863300936	0.03006479042999797	-0.021479802611931897	20
0.245	-0.08342679777047317	0.051394769055857	0.03142843466076054	-0.02243589908415431	20
0.25	-0.08515240179862997	0.05228085516755134	0.032853499179184786	-0.023428417788598027	20
0.255	-0.08694561742656338	0.053189128703263075	0.03434382094261915	-0.02445899608443616	20
0.26	-0.08881045839227852	0.05412042831081451	0.03590355097059401	-0.02552936567196612	20
0.265	-0.09075125687004534	0.05507562780789249	0.037537186983765396	-0.02664135864622333	20
0.27	-0.09277269648774919	0.056055638854527634	0.039249609471992034	-0.027796914978248124	20
0.275	-0.09487984809890043	0.05706141044150666	0.0410461221554616	-0.02899808918170088	20
0.28	-0.09707821085476404	0.05809392985245434	0.04293249844650751	-0.03024705816149871	20
0.285	-0.09937375839046247	0.0591542246553494	0.0449150325069009	-0.03154613065251143	20
0.29	-0.1017729907388436	0.060243361026961796	0.047000599053651726	-0.03289775466769987	20
0.295	-0.10428299447676762	0.06136244507482527	0.04919672054298234	-0.03430452818595088	20
0.3	-0.10691150962859215	0.06251262040847089	0.05151164358658629	-0.03576920834408722	20
0.305	-0.10966700752806098	0.06369506840128843	0.05395442664293361	-0.03729472282352636	20
0.31	-0.11255877835525743	0.06491100457371395	0.056535040634847454	-0.038884180573585225	20
0.315	-0.11559703416425286	0.06616167493543439	0.05926448496776472	-0.040540883453545756	20
0.32	-0.1187930255695004	0.06744835062173271	0.062154922733520274	-0.04226833793345184	20
0.325	-0.12215917708164122	0.06877232009460646	0.06521983407872999	-0.044070267264474376	20
0.33	-0.125709245400082	0.07013487982370485	0.06847419845285131	-0.04595062371721264	20
0.335	-0.12945850382765184	0.0715373194378931	0.07193470634679919	-0.04791359953209708	20
0.34	-0.13342395726266248	0.07298090513753261	0.075620006808176	-0.049963638139444363	20
0.345	-0.13762459626895393	0.07446685315834274	0.07955100066464975	-0.05210544154284289	20
0.35	-0.14208169672525994	0.07599630090403627	0.08375118651890297	-0.0543439776238715	20
0.355	-0.14681917721595716	0.07757026497353914	0.08824707441721487	-0.05668448140543446	20
0.36	-0.15186402325408088	0.07918958641113258	0.09306867749587126	-0.0591324506503057	20
0.365	-0.1572468010376339	0.08085486014193256	0.09825010865799985	-0.06169363152879338	20
0.37	-0.1630022747845681	0.0825663428494522	0.10383029864497606	-0.06437399304476141	20
0.375	-0.16917015982660077	0.08432382938450537	0.10985387290698533	-0.06717968082768964	20
0.38	-0.17579604517849604	0.08612649303396058	0.11637222729832025	-0.07011694659754283	20
0.385	-0.18293253647343352	0.08797265791271505	0.12344486237009014	-0.07319203036862153	21
0.39	-0.19064065853459355	0.08985955459477603	0.13114102796910743	-0.07641102592620969	21
0.395	-0.1989916582764124	0.09178287252971892	0.13954182593704242	-0.07977959958398119	21
0.4	-0.2080692494072754	0.09373627764184093	0.14874284885739583	-0.08330266584266009	21
0.405	-0.21797251100095524	0.09571068446418009	0.15885757482910778	-0.08698386982617977	21
0.41	-0.22881963843793798	0.09769326605381988	0.17002177530540766	-0.09082483924006592	21
0.415	-0.2407528767600394	0.09966606668059765	0.18239930983781683	-0.09482408724308593	21
0.42	-0.2539450897761039	0.1016040249879686	0.19618984819332633	-0.09897538242511214	22
0.425	-0.2686086059133047	0.10347217778173988	0.21163928781449856	-0.10326534964638365	22
0.43	-0.28500750190750757	0.10522144724134137	0.22905418785237	-0.10766975459593006	22
0.435	-0.3034747448518609	0.10678245999152772	0.24882195628114517	-0.11214786196708383	22
0.44	-0.3244368983710092	0.10805601156375295	0.27143991207307555	-0.11663352050536273	23
0.445	-0.34845046869328916	0.10889813296435172	0.29755805296762183	-0.12102084900763693	23
0.45	-0.37625729931970026	0.1090957278076384	0.328044161863835	-0.1251404069457931	23
0.455	-0.40887167659582646	0.10832562339384638	0.36408613210982693	-0.128718329762862	24
0.46	-0.44772343794684627	0.10608238675052295	0.4073598854806313	-0.131303048920885	25
0.465	-0.4949057007825396	0.10154370246808014	0.4603195867240145	-0.1321264985737219	25
0.47	-0.5536318553182178	0.09330151572930212	0.5267320054127824	-0.12982305827158142	26
0.475	-0.6291508652880776	0.07877495036322543	0.6127442877119612	-0.1218082308951962	28
0.48	-0.7307941352191195	0.05276325463458991	0.7292648732895095	-0.10273078885951602	29
0.485	-0.8773226977573534	0.003205757050579544	0.8981615880614228	-0.05989580131521699	32
0.49	-1.1147153231834013	-0.10515244692121745	1.1727923883524023	0.04450045276764353	35
0.495	-1.6092985388223489	-0.4382211814665087	1.744934201388053	0.3909004474356652	42