0.	-0.16251429159226669	0.0724387315852999	0	0	11
0.005	-0.16224376519173095	0.07217938272959952	-0.0005381920798819404	0.0002375182629574988	22
0.01	-0.16200580020847816	0.07192135712590764	-0.0010696316613273027	0.00046716759529215313	22
0.015	-0.16178879194344686	0.07166816852949388	-0.0015945211648104285	0.0006890581738341443	22
0.02	-0.16159260321771604	0.07141975150926214	-0.0021131098528204026	0.0009032738793647442	22
0.025	-0.16141711241390921	0.07117604271506882	-0.002625622042714204	0.0011098996076158245	22
0.03	-0.1612622152383323	0.07093698155663544	-0.003132279407442378	0.0013090157365716758	22
0.035	-0.16112782421758276	0.07070250929310033	-0.0036332971888153516	0.0015006982969563445	22
0.04	-0.16101386765450804	0.0704725693458796	-0.00412888164336707	0.001685019120804789	22
0.045	-0.16092029133673277	0.07024710751580647	-0.004619237385007644	0.001862045729270899	22
0.05	-0.1608470561530635	0.07002607098766503	-0.005104557695361842	0.0020318416095579123	22
0.055	-0.1607941411478646	0.06980941007676893	-0.00558503908182257	0.0021944659752040365	22
0.06	-0.1607615402762051	0.06959707619627468	-0.0060608643149626835	0.0023499741548954354	22
0.065	-0.16074926494957714	0.06938902315131298	-0.006532217018296954	0.0024984173314947285	22
0.07	-0.16075734323422078	0.06918520706078454	-0.006999276183994856	0.0026398427251941017	22
0.075	-0.16078581954571042	0.06898558557274868	-0.007462214891806852	0.002774293604042732	22
0.08	-0.1608347556196859	0.06879011855827363	-0.007921202024875236	0.002901809304557948	22
0.085	-0.16090423060373438	0.06859876788303587	-0.00837640537636897	0.0030224252174498906	22
0.09	-0.1609943405874956	0.06841149741780997	-0.008827985984244311	0.0031361727900703416	22
0.095	-0.16110520023318267	0.06822827314079494	-0.009276105739467723	0.003243079543109215	22
0.1	-0.16123694191729945	0.06804906282095252	-0.009720920176240494	0.003343169106261829	22
0.105	-0.16138971243774947	0.06787382656010861	-0.010162582800424957	0.003436460571341387	23
0.11	-0.1615636904600844	0.06770255552312544	-0.010601244999721388	0.003522970777464019	23
0.115	-0.16175906135777685	0.06753521449110333	-0.011037057489002912	0.0036027108957957543	23
0.12	-0.1619760348975378	0.0673717794487998	-0.01147016564111375	0.0036756886588728476	23
0.125	-0.16221484120597118	0.06721222859657369	-0.011900713871193274	0.003741907676453881	23
0.13	-0.16247573262183232	0.06705654244203318	-0.01232884748445589	0.003801367558054213	23
0.135	-0.1627589828943544	0.06690470362441825	-0.01275470664545164	0.0038540636862482583	23
0.14	-0.16306488891173476	0.06675669701865475	-0.013178432768187049	0.0038999872105151536	23
0.145	-0.16339377151285042	0.06661250974750568	-0.013600164080653118	0.00393912500465665	23
0.15	-0.16374597600910654	0.06647213128112939	-0.014020038897838517	0.003971459542751354	23
0.155	-0.16412187433154232	0.06633555385425727	-0.014438197561733902	0.003996968796352483	23
0.16	-0.16452186460495416	0.0662027718634631	-0.014854776186451172	0.004015626193174001	23
0.165	-0.16494637304355814	0.06607378238791516	-0.015269910056462579	0.004027400482382833	23
0.17	-0.16539585655378788	0.06594858550291492	-0.015683740444952077	0.004032255496125535	23
0.175	-0.16587080192461573	0.06582718391330261	-0.01609640341330902	0.004030150270141563	23
0.18	-0.16637172700557776	0.06570957211052766	-0.01650803627647689	0.0040210374552415475	24
0.185	-0.16689919047912438	0.06559578039964681	-0.016918779224370167	0.004004867552963089	24
0.19	-0.1674537803402146	0.06548581052070931	-0.017328773575946584	0.003981582662430578	24
0.195	-0.1680361248153772	0.06537967778775892	-0.017738158440658437	0.003951120168718042	24
0.2	-0.16864689346621958	0.06527740152528425	-0.018147080819056916	0.003913411479178582	24
0.205	-0.16928679760856738	0.06517900436453691	-0.01855568232734153	0.0038683819466311256	24
0.21	-0.16995659518556028	0.06508451356826525	-0.01896411497946182	0.003815950417557154	24
0.215	-0.17065709197987258	0.06499396046587097	-0.01937252959380243	0.0037560290953616276	24
0.22	-0.17138914447561396	0.06490738097803497	-0.019781077786099797	0.0036885232331464145	24
0.225	-0.1721536648417484	0.06482481605545648	-0.020189917767140603	0.0036133306668185514	24
0.23	-0.17295162456950727	0.06474630043693042	-0.020599214674856724	0.0035303401497275583	25
0.235	-0.1737840567491408	0.06467190871934679	-0.02100913489888815	0.003439436166265927	25
0.24	-0.17465206075688655	0.06460168796043786	-0.021419848648727834	0.003340490829376817	25
0.245	-0.17555680907565188	0.06453570320535656	-0.02183153538232939	0.0032333686654869957	25
0.25	-0.1764995517374074	0.06447402642290141	-0.022244382439659677	0.003117924187859977	25
0.255	-0.17748162080793203	0.06441673763440603	-0.022658578314241132	0.002994002020887931	25
0.26	-0.1785044390759724	0.0643639252296706	-0.02307432465757947	0.0028614357624483534	25
0.265	-0.17956952635075146	0.06431568732836579	-0.023491833563001673	0.002720047487307217	25
0.27	-0.180678510567466	0.06427212003103802	-0.023911322999743967	0.0025696454105922847	26
0.275	-0.18183312364538573	0.06423336611410571	-0.024333023278308635	0.0024100291169604805	26
0.28	-0.18303522974875958	0.06419954603136219	-0.02475717861311566	0.002240979545412176	26
0.285	-0.18428682503397778	0.06417080531655898	-0.025184046605458962	0.002062263876772349	26
0.29	-0.18559005196449077	0.06414730460840433	-0.025613899734550326	0.0018736329190192566	26
0.295	-0.18694721321169963	0.06412922130631257	-0.02604702713646631	0.001674819808111688	26
0.3	-0.18836079398158695	0.06411674033204429	-0.02648374108880624	0.0014655368106191117	27
0.305	-0.18983345272171612	0.06411010095102307	-0.0269243674900069	0.001245480434027323	27
0.31	-0.1913680769726417	0.06410953245600913	-0.027369262673145996	0.0010143197341981169	27
0.315	-0.1929677825222088	0.06411530138261962	-0.027818806984019256	0.0007717007787937432	27
0.32	-0.1946359431364751	0.06412770345603284	-0.0282734102057067	0.0005172427301817512	27
0.325	-0.19637622847919164	0.06414705776381587	-0.028733516170507945	0.0002505335483957271	28
0.33	-0.1981925998707192	0.06417375111709063	-0.029199606084407047	-0.00002886619348327693	28
0.335	-0.20008939775027706	0.06420818249771153	-0.02967220332811359	-0.00032143666610056666	28
0.34	-0.20207135205659377	0.06425080987010569	-0.030151880927081702	-0.0006276959891045163	28
0.345	-0.20414365009683422	0.06430213832772635	-0.030639265498899337	-0.000948207899498104	29
0.35	-0.20631194690266336	0.06436276161197076	-0.031135044652282746	-0.001283580235332796	29
0.355	-0.20858249505633475	0.06443332148891136	-0.031639975488097424	-0.0016344802693984452	29
0.36	-0.21096218172342895	0.06451455252458316	-0.032154900296889104	-0.0020016355592255963	29
0.365	-0.21345864290096123	0.06460728384999719	-0.03268075488664122	-0.0023858442884315562	30
0.37	-0.21608030796032018	0.06471247372827069	-0.033218578028326146	-0.002787979138687842	30
0.375	-0.21883661386656508	0.06483119809582116	-0.03376953689897529	-0.003209006629230746	30
0.38	-0.2217381190548644	0.06496469677148231	-0.034334949064726415	-0.003649995623651125	31
0.385	-0.22479662515261326	0.06511440018107954	-0.034916289553122634	-0.004112129220622075	31
0.39	-0.22802551957700268	0.06528195632493426	-0.03551525554589556	-0.0045967323851823835	32
0.395	-0.23143990550635019	0.06546928055074404	-0.03613376024045241	-0.005105284634663459	32
0.4	-0.23505707013514407	0.06567861238564138	-0.03677402395805266	-0.005639456820094767	33
0.405	-0.23889675905205582	0.065912571621289	-0.037438597533894044	-0.0062011381248335	33
0.41	-0.24298182792185524	0.06617427018916694	-0.03813045850751319	-0.006792483940813231	34
0.415	-0.24733877799251208	0.0664673929921677	-0.038853085923193864	-0.007415966407316569	35
0.42	-0.2519986537099884	0.06679635281363708	-0.03961058918421065	-0.008074445315684835	35
0.425	-0.25699818475732167	0.0671665133891862	-0.040407882763248304	-0.008771256353582151	36
0.43	-0.262381140937571	0.06758438545580753	-0.041250854907913526	-0.009510328069326172	37
0.435	-0.2682003559996643	0.06805800820410224	-0.042146691271062506	-0.010296339736270105	38
0.44	-0.2745203899061636	0.06859741568401233	-0.04310423669242798	-0.011134932953007295	39
0.445	-0.281421296969283	0.06921530824496483	-0.04413455459926785	-0.012033010093108795	40
0.45	-0.28900404975106336	0.06992805273009897	-0.04525171642670012	-0.012999153834291469	42
0.455	-0.2973985757564805	0.07075707069409824	-0.04647396743644864	-0.014044262272109635	44
0.46	-0.3067761778630684	0.0717311443657093	-0.047825552841238045	-0.015182497481405472	45
0.465	-0.31736944791962035	0.07289018159727076	-0.049339659874186016	-0.01643279074022984	48
0.47	-0.32950618037975765	0.0742912759271974	-0.051063375371609085	-0.017821431174662332	51
0.475	-0.3436710690659664	0.07602043234755423	-0.05306683983444677	-0.019386649489006227	55
0.48	-0.36062912195507996	0.07821571300850319	-0.0554615203754613	-0.021187749459407535	60
0.485	-0.38170653967201734	0.08112066987932896	-0.058441952841171846	-0.023325607774597315	67
0.49	-0.40957146305946457	0.08523412682845372	-0.06240213121608605	-0.025998943554106754	80
0.495	-0.45135493426071976	0.09191533842183583	-0.06840218595665074	-0.029725918149450803	107