0.	0.01281579377790343	-0.019571461449304904	0	0	15
0.005	0.012720242983776341	-0.01919914633205438	0.0009545215498816231	-0.001675199760769328	15
0.01	0.012624456354747533	-0.018832842533936668	0.0019041828635078008	-0.0032644696463714792	15
0.015	0.0125314895570699	-0.018474727248531372	0.0028189843398223023	-0.00477260111590015	15
0.02	0.012441391115419562	-0.018125634695000246	0.003710229722582648	-0.006202481196683837	15
0.025	0.012354052234719444	-0.017785133185794423	0.004578851964446097	-0.007557324878920599	15
0.03	0.012269522315081046	-0.017452880851608694	0.005425712626052234	-0.008840167097820362	15
0.035	0.01218747510837232	-0.017128565804422125	0.006251619407108723	-0.010053904448052039	15
0.04	0.012108087547358405	-0.016812073378904332	0.007057352657105975	-0.01120131049702593	16
0.045	0.01203099308894275	-0.016502856375600148	0.00784360398281536	-0.012284981248195498	15
0.05	0.011956463359910966	-0.016200836927490737	0.00861108366442103	-0.01330746445096371	16
0.055	0.011884030815715	-0.015905755796058563	0.009360396442867023	-0.014271130324956919	16
0.06	0.01181396521130405	-0.015617323387506541	0.010092171856882114	-0.015178269013621513	16
0.065	0.01174586303002684	-0.015335245906647393	0.010806938578151185	-0.016031051021902318	16
0.07	0.011679980329882695	-0.015059330020863097	0.011505262808054632	-0.016831564014093477	16
0.075	0.011616084835386037	-0.014789469636194862	0.012187627553896518	-0.017581804876291778	16
0.08	0.011554117776454891	-0.014525359363293685	0.012854508288678096	-0.018283667777754132	16
0.085	0.01149420154194924	-0.014266739267441764	0.013506363388677604	-0.018938960988799488	16
0.09	0.011436061773088082	-0.014013567308610909	0.014143586837570872	-0.019549437834435843	16
0.095	0.011379819432447548	-0.013765527934533464	0.014766595739533811	-0.020116747125135382	16
0.1	0.011325203267834249	-0.013522447489625954	0.015375729566946312	-0.02064247847408749	16
0.105	0.011272374705967531	-0.013284311040459101	0.015971362775426663	-0.02112817020613336	16
0.11	0.011221230453774168	-0.013050699930898623	0.016553818824664966	-0.021575255324028937	16
0.115	0.011171745946292519	-0.012821616531134193	0.017123406817425454	-0.021985147376848976	16
0.12	0.011123745585615477	-0.012596962606047465	0.017680397153904386	-0.02235919345018693	16
0.125	0.011077473477002664	-0.012376471556188843	0.01822511243727503	-0.022698666858308528	17
0.13	0.011032560837046892	-0.012159935658175365	0.01875773604571392	-0.023004773147902634	17
0.135	0.010989180820181917	-0.011947386465412496	0.01927855999090403	-0.023278728638057654	17
0.14	0.010947249541680144	-0.011738631398406398	0.019787791031799198	-0.02352165458859797	17
0.145	0.010906682179210344	-0.011533470794383034	0.02028563628262628	-0.02373462947518541	17
0.15	0.010867493649825748	-0.011331806703817017	0.020772294247758654	-0.023918700608949694	17
0.155	0.010829679114461718	-0.01113348047131511	0.02124795714601501	-0.024074862110548496	17
0.16	0.010793098816599319	-0.010938536673315425	0.021712780441991746	-0.024204118536578896	17
0.165	0.010757867732256732	-0.010746610550971104	0.022166934290281232	-0.02430734256153385	17
0.17	0.010723891486855654	-0.010557787960071795	0.0226105747267641	-0.02438547130981063	17
0.175	0.010691069465830297	-0.010371883607648291	0.023043811779259096	-0.02443934794670791	17
0.18	0.010659439676761284	-0.010188824075243269	0.02346678946508486	-0.02446980816860417	17
0.185	0.010629057580296974	-0.010008391934325204	0.02387963944766929	-0.02447762516856796	17
0.19	0.010599797377404872	-0.009830526822322319	0.024282451885131295	-0.024463578731237605	17
0.195	0.010571770624373084	-0.009655337088396223	0.024675362087523994	-0.024428448254178534	18
0.2	0.01054471870278294	-0.009482407558279959	0.025058390715741393	-0.024372898730826074	18
0.205	0.010518726172713502	-0.00931174510107648	0.025431650978544263	-0.02429763704640172	18
0.21	0.010493823780429321	-0.009143331659182692	0.02579523671066756	-0.024203351614613608	18
0.215	0.010469925603969957	-0.008977098549527737	0.026149189461114657	-0.0240906973957986	18
0.22	0.010447020219993022	-0.008812910457812122	0.026493579214144414	-0.023960294986914158	18
0.225	0.010425134221391368	-0.008650609694815415	0.026828458414734815	-0.023812733172269198	18
0.23	0.01040417387595734	-0.008490183450324058	0.02715386738244351	-0.02364862286843857	18
0.235	0.010384210550031546	-0.0083315681705159	0.027469860136071906	-0.023468551042633044	18
0.24	0.010365189942390104	-0.008174677795524254	0.027776477438949128	-0.02327306503906556	19
0.245	0.010346863459463536	-0.008019315627459523	0.02807364193281576	-0.02306271584368752	18
0.25	0.010329557476351618	-0.007865543643022489	0.028361511115720283	-0.02283803669472629	18
0.255	0.010313031243211843	-0.007713227317359487	0.028640024284127902	-0.02259955086096362	18
0.26	0.010297533739267029	-0.0075623560574560565	0.02890929667411886	-0.02234776751632925	19
0.265	0.010282696235055424	-0.007412645989473209	0.029169177325071897	-0.022083164696028734	19
0.27	0.010268633691579045	-0.007264233552281167	0.029419742863941015	-0.021806281431726415	19
0.275	0.010255406905580302	-0.00711694248921539	0.02966100044853378	-0.021517568387909344	19
0.28	0.010242888202878078	-0.006970776180603949	0.02989291591356721	-0.021217528929558072	19
0.285	0.010231057767894845	-0.006825521123143444	0.030115474694714334	-0.020906604533755986	19
0.29	0.010219912008155417	-0.006681328478744798	0.030328669356319705	-0.020585328813782416	19
0.295	0.010209502320323098	-0.006537899768227268	0.030532530037763864	-0.020254088703080306	20
0.3	0.010199724763691303	-0.006395357819974388	0.030726955089446728	-0.019913440310723424	20
0.305	0.010190522901945357	-0.006253568911006417	0.03091193446030375	-0.01956381929825163	20
0.31	0.010182031039741794	-0.006112214635904504	0.03108747596145381	-0.019205618009132633	20
0.315	0.010174103122909117	-0.005971619266302585	0.03125356858334917	-0.018839428827677286	21
0.32	0.010166660662588707	-0.005831405869732149	0.0314100401756276	-0.018465672521014838	20
0.325	0.010159748382978465	-0.0056917998843635	0.031557045253307735	-0.018084897769881945	21
0.33	0.010153278662476454	-0.005552570484965915	0.0316944000094601	-0.017697582479100193	21
0.335	0.010147389699014391	-0.005413555110949066	0.03182216538392244	-0.017304187070253656	21
0.34	0.01014170344744908	-0.005274749932468856	0.03194018203263071	-0.016905291435956493	21
0.345	0.010136672686813657	-0.005136321494252659	0.03204865314893443	-0.01650149788841561	22
0.35	0.010131776049112418	-0.004997719893504353	0.03214718901604751	-0.01609324178738606	21
0.355	0.010127340600367208	-0.00485929868536282	0.03223614023119631	-0.015681272471938144	22
0.36	0.010123103909661639	-0.0047209468321688566	0.032315211936676164	-0.015266205466738514	22
0.365	0.010119141748233869	-0.004582407293586532	0.0323844721686696	-0.014848642922826812	22
0.37	0.010115368816612264	-0.004443866441264715	0.03244396750249488	-0.014429432950440904	23
0.375	0.01011175080323487	-0.004304987417672381	0.03249360418437407	-0.014009224440209264	24
0.38	0.010108347467108751	-0.0041657981209390245	0.03253336991843864	-0.013588904056795444	24
0.385	0.010104677944343159	-0.004026424226547549	0.03256317138943342	-0.013169487237418391	24
0.39	0.010101311902875844	-0.0038864065778197554	0.032583231249723094	-0.01275179550059582	24
0.395	0.0100977657937398	-0.003746065394150051	0.0325934307364224	-0.012337132751263998	24
0.4	0.010094322069796973	-0.003605198951267365	0.03259395082942379	-0.011926676896777604	24
0.405	0.010090452166286634	-0.003463893274032285	0.03258481022496266	-0.011522098138121202	26
0.41	0.010086410720794796	-0.003321738170360216	0.03256589026071312	-0.01112462464942656	26
0.415	0.01008209336275705	-0.003178969009196608	0.032537378381607585	-0.010736218510893717	25
0.42	0.010077531491824495	-0.0030357637486318843	0.03249970507235295	-0.010359643530455948	27
0.425	0.010072481023268033	-0.002891412683982774	0.03245267571872816	-0.009996839059899324	29
0.43	0.010066968896481196	-0.0027459192515723587	0.0323962965961955	-0.009650642333063848	27
0.435	0.01006074717767899	-0.0026001149619793817	0.03233112126431291	-0.009326031175803032	29
0.44	0.01005423070618732	-0.0024530500490271057	0.03225724979358424	-0.009026308162078658	28
0.445	0.010046360466839214	-0.002305292900442632	0.032174443672440226	-0.008758930207496693	31
0.45	0.010038189546322076	-0.0021565753200901987	0.032083340423490245	-0.008530454524544064	34