0.	-0.11252283172901703	0.01402056025452095	0	0	11
0.005	-0.11152982392036567	0.01393394750635936	-0.0007423034055785464	0.00008976723823202312	28
0.01	-0.11057058079111284	0.013813184288310312	-0.0014654789938844445	0.0001743046032060769	28
0.015	-0.10963041754603663	0.013689179578564005	-0.0021730268442648882	0.00025175700941204495	28
0.02	-0.10870876823957792	0.013562086243200933	-0.0028644854054967247	0.00032283172057944267	28
0.025	-0.10780515293130766	0.01343200226051755	-0.0035403378337347012	0.000387586359306948	29
0.03	-0.10691909615150605	0.013299038563004718	-0.0042010529682300025	0.0004460826993242938	29
0.035	-0.1060501490996981	0.013163280248285836	-0.004847083369898899	0.0004983803523058079	29
0.04	-0.10519787411819213	0.013024813140006183	-0.005478863455352195	0.0005445385621717477	29
0.045	-0.10436184835425208	0.012883717774220128	-0.006096810928647136	0.000584615585541039	29
0.05	-0.1035416617738843	0.01274006905847306	-0.006701326112181844	0.0006186694381903582	29
0.055	-0.10273691831545669	0.012593937241487635	-0.007292795852947901	0.0006467558327101428	29
0.06	-0.10194723325255203	0.01244538722443711	-0.007871589566507964	0.0006689310083227676	29
0.065	-0.10117223515022367	0.012294479869312654	-0.008438064382209023	0.0006852488656612647	29
0.07	-0.1004115649572595	0.01214126457738618	-0.00899256251925604	0.000695762339614131	30
0.075	-0.09966486967142484	0.011985806930413727	-0.00953541388134634	0.0007005241997741687	30
0.08	-0.0989318109808379	0.011828147947189026	-0.010066933377362655	0.0006995858651204414	30
0.085	-0.0982120607108495	0.011668332209738647	-0.010587427492321909	0.0006929958090659827	30
0.09	-0.09750529871828244	0.011506400051748994	-0.011097187539464957	0.0006808032682957413	30
0.095	-0.09681121518262983	0.011342388230554237	-0.01159649539133023	0.0006630550579632445	30
0.1	-0.09612950833200223	0.01117633026597576	-0.012085621157989127	0.0006397972365030785	30
0.105	-0.09545988523041805	0.011008256556788748	-0.012564824942158746	0.0006110743073522683	30
0.11	-0.09480206256973488	0.010838187202758913	-0.013034356635755142	0.0005769285714157264	31
0.115	-0.0941557607540695	0.010666159470374595	-0.013494455773643908	0.0005374039130763833	31
0.12	-0.09352071125876273	0.010492188193393509	-0.013945353138010201	0.0004925400297549933	31
0.125	-0.09289665126631799	0.010316291408067398	-0.014387269949809156	0.00044237624743110725	31
0.13	-0.0922833255390428	0.010138484917993677	-0.014820419699115593	0.0003869500287584692	31
0.135	-0.09168048407578594	0.009958781313432655	-0.01524500491636335	0.00032629874709717843	31
0.14	-0.09108788415528887	0.009777191016329824	-0.015661222218245324	0.0002604572078498688	31
0.145	-0.09050528971293449	0.009593715519683028	-0.016069259199183204	0.00018945823654361628	32
0.15	-0.08993246723934964	0.009408372978764224	-0.01646929509337182	0.00011333698429857441	32
0.155	-0.08936919180453978	0.00922116040834086	-0.01686150329839869	0.00003212305604603956	32
0.16	-0.08881524190781588	0.009032078848000853	-0.017246048017259017	-0.000054153130966632	32
0.165	-0.08827040168595318	0.008841126864111284	-0.017623087235029585	-0.00014546307704296855	32
0.17	-0.08773445950991415	0.008648301145962562	-0.0179927714719826	-0.00024177924070632913	32
0.175	-0.08720720908792699	0.008453590074286869	-0.018355245293171188	-0.0003430771582553999	33
0.18	-0.08668844627018409	0.008256998337841576	-0.018710644941649143	-0.00044932880395440015	33
0.185	-0.08617797273674785	0.008058510904081672	-0.01905910279773643	-0.0005605126416160381	33
0.19	-0.08567559259223516	0.007858116288000358	-0.019400741755336584	-0.0006766054937578699	33
0.195	-0.08518111466988376	0.007655801597156654	-0.019735681462291925	-0.0007975867963402779	33
0.2	-0.08469434982426252	0.007451551756678037	-0.020064032758147107	-0.0009234358882228861	33
0.205	-0.08421511433111185	0.0072453439549851235	-0.02038590286125142	-0.0010541359284388383	34
0.21	-0.08374322334743493	0.007037172334043943	-0.020701391633334086	-0.0011896659515363119	34
0.215	-0.08327849756075609	0.006827010840193843	-0.02101059334185937	-0.001330010620711421	34
0.22	-0.08282075964739254	0.006614838223439688	-0.02131359737132096	-0.0014751545424439147	34
0.225	-0.08236983403556723	0.0064006311874242085	-0.021610486175850933	-0.0016250827804882451	34
0.23	-0.08192554942426074	0.006184359289779187	-0.021901338338523098	-0.0017797837110653577	35
0.235	-0.08148773125010192	0.005966008462819999	-0.022186224542739424	-0.0019392407375328513	35
0.24	-0.08105621099352067	0.005745545839049994	-0.02246521242912963	-0.0021034439534451973	35
0.245	-0.08063081988614805	0.005522942402376951	-0.022738362189535354	-0.002272381849308109	35
0.25	-0.08021139307630148	0.005298162562030716	-0.023005731072829473	-0.0024460464275529647	36
0.255	-0.07979776122057057	0.005071186949632423	-0.023267368506951165	-0.0026244241787465815	36
0.26	-0.0793897601648387	0.004841977676683144	-0.023523320284177158	-0.002807508052210518	36
0.265	-0.07898722503885612	0.004610501474439196	-0.023773625633671715	-0.002995289221979438	36
0.27	-0.07858999411873785	0.004376718111610528	-0.024018319646926196	-0.003187761696646761	37
0.275	-0.07819789938731816	0.004140604394848136	-0.024257431886030547	-0.0033849145029858133	37
0.28	-0.07781077824324745	0.003902118381061524	-0.024490985458438058	-0.0035867415819948968	37
0.285	-0.0774284689384149	0.0036612179049689327	-0.024718999792892635	-0.003793237875245462	38
0.29	-0.07705080301310717	0.0034178769508333255	-0.02494148819980724	-0.0040043927544418535	38
0.295	-0.07667761675214504	0.0031720522896945963	-0.025158458727218027	-0.004220200816619996	38
0.3	-0.07630874672034327	0.002923700300050819	-0.025369913903615354	-0.004440656330311257	39
0.305	-0.07594402175296358	0.0026727932933041237	-0.025575851719717317	-0.0046657486800059786	39
0.31	-0.07558327512570878	0.0024192875838269755	-0.025776263807429967	-0.004895471272657227	39
0.315	-0.07522634123623087	0.00216313981788813	-0.025971137934667456	-0.00512981757399336	40
0.32	-0.07487304216248249	0.001904321499627536	-0.02616045279727419	-0.005368773742445666	40
0.325	-0.07452321162571487	0.0016427854024835663	-0.026344187271622823	-0.005612334116064686	41
0.33	-0.07417666863069827	0.001378503606267097	-0.026522309561811556	-0.005860482904297384	41
0.335	-0.07383323805951546	0.0011114347531821778	-0.02669478461415864	-0.0061132091152412416	41
0.34	-0.07349274566363037	0.0008415393540211931	-0.026861573300769298	-0.006370500238283771	42
0.345	-0.07315500067486215	0.0005687917428600746	-0.027022627096518193	-0.006632336207402759	42
0.35	-0.07281982753255647	0.0002931511450810515	-0.027177897078906364	-0.0068987026657855175	43
0.355	-0.07248702892436758	0.000014594123211102497	-0.027327322169079404	-0.00716957475459172	43
0.36	-0.07215642449131388	-0.0002669148999342452	-0.027470843776577554	-0.007444933434406742	44
0.365	-0.07182781470701262	-0.0005513990179049303	-0.02760839049228337	-0.0077247499939020366	45
0.37	-0.0715009983854988	-0.0008388788923503337	-0.027739887293967546	-0.008008993531354073	45
0.375	-0.07117578466775985	-0.0011293809260927625	-0.027865258218732203	-0.008297634561237431	46
0.38	-0.07085196475051768	-0.0014229192867379961	-0.027984416815685764	-0.008590634519563886	47
0.385	-0.07052932560300958	-0.001719505352494084	-0.02809727042433726	-0.00888795051717724	47
0.39	-0.07020766749419191	-0.0020191518909483614	-0.028203728609067988	-0.00918954015940714	48
0.395	-0.06988676979005953	-0.0023218615306009353	-0.028303687902479432	-0.009495350856114273	49
0.4	-0.0695664144576835	-0.002627633302599801	-0.028397043053303327	-0.009805326293162758	50
0.405	-0.0692463800675855	-0.002936460837510803	-0.02848368472455637	-0.010119405070516892	51
0.41	-0.06892644099884918	-0.003248331892759193	-0.028563497111068793	-0.010437518448713285	52
0.415	-0.06860636857529162	-0.003563227766406115	-0.028636360365366507	-0.01075959121506576	53
0.42	-0.06828593702178638	-0.003881121062270695	-0.028702155332677722	-0.011085542497314728	55
0.425	-0.06796490029868521	-0.0042019803906367705	-0.02876074907731624	-0.01141528160388338	56
0.43	-0.06764302678746653	-0.004525764314432249	-0.028812014170010662	-0.011748712330680606	57
0.435	-0.06732008119959094	-0.004852419575931216	-0.028855818609266615	-0.012085727442968059	59
0.44	-0.06699581615225335	-0.005181889890950085	-0.02889202391945005	-0.012426213025564759	61
0.445	-0.06666998815411283	-0.005514107035775158	-0.028920492436657893	-0.012770045840246682	63
0.45	-0.06634235559196934	-0.0058489887260228905	-0.02894108591989621	-0.01311709110252162	66
0.455	-0.06601266815433937	-0.006186450622765594	-0.028953660970404985	-0.013467207067093746	69
0.46	-0.06568067988741527	-0.0065263941157335005	-0.02895807527519148	-0.01382024025436793	72
0.465	-0.06534614719291192	-0.006868704017364856	-0.02895418979273407	-0.014176025398575723	76
0.47	-0.0650088237885575	-0.007213259094684715	-0.028941862704635276	-0.014534387595147075	81
0.475	-0.06466846717368926	-0.0075599268550716504	-0.02892095534123056	-0.0148951420253846	87
0.48	-0.06432483385160637	-0.007908553604836624	-0.02889133081548473	-0.015258087462575221	96
0.485	-0.0639776912424728	-0.008258987373694213	-0.02885285720671835	-0.015623019726436859	108
0.49	-0.06362680101151327	-0.008611047073691171	-0.02880540438851327	-0.015989713256270435	129
0.495	-0.06327196690511976	-0.008964540085757037	-0.028748864784356846	-0.016357938260431255	174