0.	-0.20824073849878205	0.03727815743534736	0	0	11
0.005	-0.20819817783601982	0.03735325012155537	3.2322469608895636e-6	-4.011725632821248e-6	28
0.01	-0.20822846295539282	0.03734772474182299	0.00001293205381988452	-0.000016048219929704537	28
0.015	-0.20827896139541954	0.03733850936678043	0.000029109401656230298	-0.000036112994484946374	28
0.02	-0.20834970855810592	0.03732559391100003	0.00005178066868650474	-0.00006421206596912551	28
0.025	-0.2084407542142545	0.037308964876875114	0.00008096895481965155	-0.00010035378588916626	28
0.03	-0.20855216201603066	0.03728860428880136	0.00011670393600719934	-0.00014454895748888713	28
0.035	-0.20868401035790343	0.03726449057002165	0.00015902184770722483	-0.0001968109118752596	28
0.04	-0.20883639219069144	0.037236597839454294	0.00020796585846247424	-0.00025715525801299846	28
0.045	-0.20900941519591437	0.03720489591466995	0.0002635862073767652	-0.00032559996294369124	28
0.05	-0.20920320218389266	0.03716935079782434	0.00032593960545358573	-0.0004021656971780617	28
0.055	-0.20941789119762003	0.03712992360586746	0.0003950902540795718	-0.00048687535246732025	28
0.06	-0.20965363592081	0.037086571522505926	0.0004711091466610099	-0.0005797544931883663	28
0.065	-0.20991060553334046	0.037039247073841805	0.0005540748896392587	-0.0006808310536920858	28
0.07	-0.2101889860153561	0.03698789801508928	0.0006440732548910644	-0.0007901356120006346	28
0.075	-0.21048897988577137	0.03693246735871138	0.0007411980381562687	-0.0009077010785935515	28
0.08	-0.21081080612849418	0.03687289341381961	0.0008455503830361028	-0.0010335631709119763	28
0.085	-0.21115470209637366	0.03680910877863568	0.0009572396602587542	-0.0011677600735489017	28
0.09	-0.2115209227110845	0.03674104168838406	0.0010763833643176123	-0.0013103326374916098	28
0.095	-0.21190974151301223	0.036668613929401364	0.0012031074664415001	-0.0014613243091497695	28
0.1	-0.21232145146351245	0.03659174218507885	0.001337546815314001	-0.0016207811923406035	28
0.105	-0.21275636532011394	0.036510337072198626	0.0014798447596943087	-0.0017887522892096953	28
0.11	-0.2132148257305322	0.03642429148136564	0.001630154487497956	-0.001965289121791797	29
0.115	-0.21369716935216815	0.0363335264190385	0.0017886380267799653	-0.00215044622108628	29
0.12	-0.21420378190623557	0.03623792177592905	0.0019554680012412963	-0.002344280749226419	29
0.125	-0.2147350633488847	0.03613736134547556	0.0021308268709484828	-0.0025468529063880844	29
0.13	-0.21529143786866792	0.036031721832602656	0.002314908012282793	-0.002758225692730925	29
0.135	-0.215873354603248	0.03592087205719954	0.0025079158997530077	-0.00297846517304194	29
0.14	-0.21648128881807935	0.03580467273172239	0.0027100661508680903	-0.0032076403594303465	29
0.145	-0.21711574323115782	0.03568297571189656	0.0029215869541498246	-0.0034458232797325043	29
0.15	-0.21777724954124453	0.03555562396376245	0.0031427186814193837	-0.003693089216679166	29
0.155	-0.21846636939381509	0.035422450483346316	0.0033737148356251215	-0.003949516600586437	29
0.16	-0.21918369568860385	0.03528327835091857	0.003614842943350679	-0.0042151869394582864	29
0.165	-0.21992985478559904	0.03513791977269219	0.0038663844980433093	-0.004490185226148278	29
0.17	-0.22070550812924414	0.034986175051415755	0.0041286361027315	-0.004774599785292651	29
0.175	-0.22151135398923286	0.034827832782354115	0.004401910502868931	-0.005068522087370238	29
0.18	-0.2223481289619553	0.03466266859454903	0.0046865364337848586	-0.005372047647402935	29
0.185	-0.22321661136677742	0.03449044413887015	0.004982860755279216	-0.0056852749857778115	29
0.19	-0.22411762219887155	0.03431090634800714	0.005291248002076714	-0.006008306637694003	29
0.195	-0.22505202850781647	0.034123786319148086	0.005612082690658422	-0.006341248557599122	29
0.2	-0.22602074644381015	0.0339287989118507	0.0059457693831696	-0.0066842106906808245	29
0.205	-0.227024743247073	0.033725640625615866	0.006292734363578048	-0.007037306750854858	29
0.21	-0.22806504093213795	0.03351398872637132	0.006653426796559117	-0.007400654379186401	29
0.215	-0.2291427198782277	0.03329350006061092	0.0070283199997837435	-0.007774375247939419	29
0.22	-0.2302589227610734	0.03306380947359097	0.007417912584612361	-0.008158595302565276	29
0.225	-0.23141487410110412	0.032824526290174766	0.007822731782826988	-0.008553444754897336	30
0.23	-0.23261182135197342	0.03257524038851606	0.008243330909905987	-0.008959057342376465	30
0.235	-0.23385113451852527	0.03231550709488851	0.008680296570744008	-0.009375571769356975	30
0.24	-0.23513424888839562	0.0320448545035405	0.009134247280185095	-0.009803131164122993	30
0.245	-0.23646268597395464	0.0317627786435362	0.009605836737516475	-0.010241882964258583	30
0.25	-0.23783806043246894	0.031468740961522954	0.010095755350979447	-0.010691979508544357	30
0.255	-0.23926208610066152	0.031162165536756617	0.010604733696078339	-0.01115357764996293	30
0.26	-0.24073658444633775	0.03084243529717763	0.011133545444052916	-0.011626838824106084	30
0.265	-0.2422634917662528	0.030508889542945977	0.011683009049639021	-0.012111929718289484	30
0.27	-0.24384486918977044	0.030160818891343394	0.012253993245863716	-0.01260902137787099	30
0.275	-0.24548291288036403	0.029797461903228947	0.012847418505069968	-0.01311829034890458	30
0.28	-0.24717996351071553	0.029417999929176528	0.01346426259889575	-0.013639917798091839	30
0.285	-0.24893853523329904	0.029021563184136193	0.014105564644002873	-0.014174091630171547	31
0.29	-0.2507612681823684	0.028607183220562382	0.01477242878645987	-0.014721000624825616	31
0.295	-0.2526510343596379	0.028173845036350648	0.015466032066470188	-0.015280842588575805	31
0.3	-0.25461089339246856	0.02772044330097166	0.016187628082689746	-0.015853819360394317	31
0.305	-0.2566441259615871	0.027245782530109765	0.01693855456913424	-0.016440137773253476	31
0.31	-0.25875425604442653	0.02674856825519009	0.01772024081695525	-0.01704000972019496	31
0.315	-0.2609450723104959	0.026227397506212766	0.018534214803327256	-0.017653652422457092	31
0.32	-0.26322065571380937	0.02568074638513311	0.01938211358583315	-0.018281287845290164	31
0.325	-0.2655854126482025	0.025106977530413646	0.020265691475397772	-0.01892314494467394	32
0.33	-0.2680440858005206	0.024504250651326824	0.021186834313071844	-0.019579451802484382	32
0.335	-0.2706018309293042	0.023870615187168688	0.02214756940752889	-0.020250447229930524	32
0.34	-0.2732642301649179	0.02320392213675089	0.02315008072688085	-0.020936372538260084	32
0.345	-0.27603734971749727	0.022501820444200238	0.024196724767607893	-0.021637474135047973	32
0.35	-0.2789277909450089	0.021761753480187634	0.025290047844490713	-0.022354004427487948	33
0.355	-0.28194276787554495	0.020980853903318192	0.02643281266001888	-0.023086215928560166	33
0.36	-0.28509016851230123	0.020156030651472014	0.02762801313856709	-0.0238343712330393	33
0.365	-0.28837864789827117	0.019283859345583257	0.028878907121161257	-0.02459873719483007	33
0.37	-0.2918177146012264	0.018360579394291206	0.030189043807178115	-0.025379587975959902	34
0.375	-0.2954178980872057	0.017381979624668704	0.03156230989965209	-0.02617720315361167	34
0.38	-0.29919082809261244	0.01634345682220159	0.03300295805755113	-0.026991876127567153	34
0.385	-0.3031494408824643	0.015239888314342337	0.03451566362964335	-0.027823914147172828	34
0.39	-0.30730815154878494	0.01406559481712552	0.03610557885500364	-0.028673643332040852	35
0.395	-0.3116831929587987	0.012814232502053859	0.037778416010877225	-0.029541421506366412	35
0.4	-0.3162927704985898	0.01147877884867337	0.039540503247347814	-0.030427644611287205	36
0.405	-0.3211576137891727	0.010051381950608007	0.0413989160724727	-0.03133277505556755	36
0.41	-0.3263013082451168	0.008523312020086257	0.04336157580168773	-0.03225736149963357	36
0.415	-0.33175096643164875	0.006884812083752537	0.045437412028954224	-0.03320208134034912	37
0.42	-0.33753808932784174	0.005125027264987127	0.047636564618181755	-0.034167813414688726	38
0.425	-0.34369956722598954	0.003231878863961722	0.04997062398064436	-0.03515572533749057	38
0.43	-0.35027906024482763	0.0011918959054407902	0.05245296003590056	-0.03616739837093737	39
0.435	-0.35732910556577957	-0.001009814665764261	0.05509917676823248	-0.03720506062179403	40
0.44	-0.3649138329848729	-0.0033897342327259827	0.05792772532701564	-0.03827188390151756	41
0.445	-0.37311304844319687	-0.0059660265368295246	0.060960794028746886	-0.03937246458508753	42
0.45	-0.38202828172179204	-0.008758670778268599	0.0642256239514613	-0.04051355306536619	43
0.455	-0.3917920555418584	-0.01178969533431204	0.06775652969669772	-0.04170518848324609	44
0.46	-0.4025825905973548	-0.015083714791333441	0.07159812449396076	-0.042962475705957966	46
0.465	-0.41464786569971424	-0.018669072036388373	0.07581064916420728	-0.044308464229662795	48
0.47	-0.4283471851437081	-0.022580783016832306	0.080479308362841	-0.04577892577103962	50
0.475	-0.44422722770151635	-0.02686699976074322	0.08573149729318758	-0.047430841240959545	53
0.48	-0.46317381521719164	-0.03160378049867388	0.09177137385445715	-0.04935884003721773	58
0.485	-0.486756674367969	-0.03693087796332051	0.09895835274984674	-0.051731798216397305	64
0.49	-0.5181875815659786	-0.04315176690035816	0.10802396457535651	-0.054893714204869166	73
0.495	-0.5661573652161647	-0.05112870789483896	0.12093260923035654	-0.059766629348315226	94