0.	Indeterminate	Indeterminate	0	0	11
0.005	-0.06199423854570172	-0.009706372193007996	-0.00041215398502194184	-0.000066197123661219	31
0.01	-0.06112943209002184	-0.00967491148635883	-0.0008088441548208375	-0.0001329101413070459	31
0.015	-0.06027752600184646	-0.009647679829125937	-0.0011917636432263548	-0.0002016196288829171	31
0.02	-0.059438062442126814	-0.009624442267732299	-0.0015608684960787813	-0.0002718199836360812	32
0.025	-0.05861062753948596	-0.009605011410896102	-0.001916516136069247	-0.00034349892942798696	32
0.03	-0.05779481701181317	-0.00958919998179033	-0.002259051675119866	-0.00041663917872055594	32
0.035	-0.056990239529343484	-0.009576828522663127	-0.002588806044618033	-0.0004912209037889898	32
0.04	-0.056196514769562604	-0.009567724944158064	-0.0029060955989053013	-0.000567220980829167	32
0.045	-0.055413273385230284	-0.00956172169354148	-0.0032112229861138855	-0.0006446133120011259	32
0.05	-0.05464015609256254	-0.009558658503447962	-0.0035044771746121387	-0.0007233684788267339	32
0.055	-0.053876813430762865	-0.009558373906399452	-0.0037861353236625693	-0.0008034548656780219	33
0.06	-0.05312290568283762	-0.009560725720105705	-0.004056461480482418	-0.0008848379791271241	33
0.065	-0.05237810221005679	-0.009565561324874117	-0.004315708912035936	-0.0009674806865917884	33
0.07	-0.05164208020577246	-0.009572738323475978	-0.004564119187117785	-0.00105134315918972	33
0.075	-0.05091452620227338	-0.009582116229282667	-0.004801923807345343	-0.001136383546212757	33
0.08	-0.050195133902126585	-0.009593560874727085	-0.0050293429629376316	-0.0012225566624672625	33
0.085	-0.049483604847897884	-0.009606936621838029	-0.005246588559614154	-0.0013098162433440625	33
0.09	-0.04877964772807074	-0.009622110920135622	-0.005453861819962435	-0.0013981121387875916	34
0.095	-0.048082978281770196	-0.009638962308346193	-0.005651355591463009	-0.0014873936755149938	34
0.1	-0.04739331900841873	-0.009657362260745933	-0.00583925384796253	-0.0015776064944228337	34
0.105	-0.046710398429898235	-0.00967718678029574	-0.006017732391440933	-0.0016686943958802453	34
0.11	-0.04603395226975167	-0.009698313654155251	-0.006186959124841219	-0.0017605988023956462	34
0.115	-0.04536372129707021	-0.009720622903560697	-0.006347094142704831	-0.001853258806786776	34
0.12	-0.04469945249894847	-0.009743990958680032	-0.006498290510715525	-0.0019466106464756006	35
0.125	-0.04404089700229155	-0.009768306537526802	-0.006640693872400383	-0.002040589697410235	35
0.13	-0.043387813072888234	-0.009793447253896748	-0.006774443931821377	-0.002135127657864725	35
0.135	-0.04273996338451803	-0.009819297490676351	-0.006899673023336311	-0.0022301537655694584	35
0.14	-0.04209711574801043	-0.00984573917801835	-0.007016508231458095	-0.0023255952770738124	35
0.145	-0.04145904322514477	-0.00987265166636006	-0.007125070544809061	-0.0024213760538354277	36
0.15	-0.0408255211779778	-0.00989992446117165	-0.0072254747008388565	-0.002517418945395657	36
0.155	-0.04019633259809448	-0.009927435107515314	-0.007317831360331891	-0.002613642832205369	36
0.16	-0.039571262988325834	-0.009955065611252171	-0.007402245165038014	-0.00270996401233037	36
0.165	-0.038950103446152747	-0.009982695735689205	-0.007478816507411254	-0.002806296113911081	36
0.17	-0.03833264852117567	-0.010010204505590594	-0.007547640967519143	-0.002902549741137324	36
0.175	-0.03771869732999634	-0.01003746610994647	-0.0076088102853898295	-0.0029986321303445626	37
0.18	-0.03710805223402015	-0.010064362571980214	-0.007662411230085459	-0.003094448680396665	37
0.185	-0.036500520650884445	-0.010090763447090293	-0.007708528126770055	-0.003189900508565778	37
0.19	-0.03589591383853161	-0.010116541519764577	-0.007747240674049162	-0.0032848853635126614	37
0.195	-0.03529404794411843	-0.010141561450645336	-0.007778626574499617	-0.0033792973456396452	38
0.2	-0.034694740698130694	-0.010165695870420498	-0.007802758929078051	-0.0034730284400549343	38
0.205	-0.0340978165603339	-0.010188804420368795	-0.007819709675913953	-0.003565965555219464	38
0.21	-0.033503103122023536	-0.010210747445382097	-0.007829547660935427	-0.003657992213981311	38
0.215	-0.03291043301350495	-0.010231378729199755	-0.007832339970883909	-0.003748987340981668	39
0.22	-0.03231964075451014	-0.010250554823264042	-0.007828151262835398	-0.003838827592873374	39
0.225	-0.03173056820841093	-0.010268122562743225	-0.007817045273044597	-0.003927383711046108	39
0.23	-0.031143060268079604	-0.01028392518958855	-0.007799084547664597	-0.004014522693940231	39
0.235	-0.03055696799860242	-0.010297800815245832	-0.007774330685829552	-0.004100106309019728	40
0.24	-0.029972144691760155	-0.010309587589120098	-0.007742844415990022	-0.00418399361541562	40
0.245	-0.029388451756874136	-0.010319113670717979	-0.007704686833733506	-0.00426603711295653	40
0.25	-0.028805755084267533	-0.010326199535898178	-0.007659919696511881	-0.004346084393231974	41
0.255	-0.028223925126842256	-0.010330668237863985	-0.007608604226990451	-0.004423979637981165	41
0.26	-0.027642839940616934	-0.010332329643080382	-0.007550803865448729	-0.004499560374170927	41
0.265	-0.027062383795376517	-0.010330987745005932	-0.007486583253016856	-0.004572658484053007	42
0.27	-0.026482446768707122	-0.01032644626812125	-0.007416008583642048	-0.004643102470015318	42
0.275	-0.025902927004873202	-0.010318495146516178	-0.00733914935136778	-0.004710713502746495	42
0.28	-0.025323731151018714	-0.010306918551476165	-0.007256077858587051	-0.004775306905695651	43
0.285	-0.024744772388288493	-0.010291499167634482	-0.0071668694276438485	-0.004836694428244836	43
0.29	-0.024165974199624164	-0.01027200522060875	-0.007071604472197501	-0.0048946799795707985	43
0.295	-0.023587269148837273	-0.010248198165525508	-0.006970367928896994	-0.004949061678260094	44
0.3	-0.02300859973552304	-0.010219838811688396	-0.006863249544705268	-0.004999633934231277	44
0.305	-0.022429920323464705	-0.010186669358699404	-0.0067503466691607155	-0.00504618255178966	45
0.31	-0.021851195633867913	-0.010148434257457456	-0.006631762022436794	-0.005088490251732345	45
0.315	-0.021272404120938657	-0.010104860893278026	-0.006507607163767858	-0.005126331367555853	46
0.32	-0.020693537244711166	-0.010055677889365006	-0.006378001044259682	-0.00515947742368955	46
0.325	-0.020114601001724693	-0.010000595825563943	-0.0062430732103356205	-0.005187691885418545	47
0.33	-0.019535617061183248	-0.009939326710672363	-0.006102962285868421	-0.005210735563128545	47
0.335	-0.018956623096547456	-0.009871567791333791	-0.005957818464843459	-0.005228362100082038	48
0.34	-0.018377675118101386	-0.009797013277765595	-0.005807803894324144	-0.0052403222395374085	49
0.345	-0.017798847095037415	-0.009715350683598531	-0.00565309335071221	-0.0052463627360010805	49
0.35	-0.017220233696916363	-0.009626255661069266	-0.005493876327535884	-0.0052462249198228185	50
0.355	-0.016641950344560164	-0.009529404442514752	-0.005330356323297345	-0.00523964921518322	51
0.36	-0.016064134807570157	-0.009424463653670084	-0.005162753455717653	-0.005226372701644596	52
0.365	-0.015486948347928974	-0.009311099758740667	-0.004991303957022191	-0.0052061319648037075	52
0.37	-0.014910577030433837	-0.009188969334450079	-0.00481626281424411	-0.005178660939244815	53
0.375	-0.014335232438400363	-0.009057731297302947	-0.0046379032235487495	-0.005143695764938647	54
0.38	-0.013761153202078706	-0.00891704150255885	-0.0044565182755548285	-0.0051009732667792	55
0.385	-0.01318860484993061	-0.00876655668348299	-0.004272421083580105	-0.005050233036488387	56
0.39	-0.012617881590104286	-0.008605931404174233	-0.004085946623373882	-0.004991217469638666	58
0.395	-0.012049306402083595	-0.00843482899624463	-0.0038974507201866293	-0.0049236761037913775	59
0.4	-0.011483230167780432	-0.008252910877445261	-0.003707311790794249	-0.004847362493822033	60
0.405	-0.010920032288037024	-0.00805984344055631	-0.003515930702117344	-0.004762037762260574	62
0.41	-0.010360119488429959	-0.007855303967620384	-0.0033237297847250953	-0.004667473154747522	63
0.415	-0.009803923914651185	-0.007638971297661964	-0.0031311537931723223	-0.004563447109804165	65
0.42	-0.009251900939847794	-0.0074105318362531055	-0.0029386686893073726	-0.004449748531230795	67
0.425	-0.008704525500248705	-0.007169678376954028	-0.0027467601745189254	-0.00432617567148458	69
0.43	-0.00816228731202505	-0.0069161037973684	-0.002555933007659224	-0.004192534090694963	71
0.435	-0.007625682251080531	-0.0066495005798305265	-0.0023667073106895674	-0.004048635089046919	74
0.44	-0.0070952049728890045	-0.006369549134668669	-0.0021796173153589998	-0.003894290307361992	77
0.445	-0.006571332787997788	-0.006075905787656333	-0.0019952060561215165	-0.003729303625874273	80
0.45	-0.006054508653147217	-0.0057681793026693575	-0.0018140214041603433	-0.003553457237673018	84
0.455	-0.005545110032859764	-0.00544589939508506	-0.0016366072899388793	-0.0033664913994829082	89
0.46	-0.00504340851666224	-0.005108463385210077	-0.0014634941514308087	-0.0031680708145688883	94
0.465	-0.004549500607295075	-0.004755033230923279	-0.0012951849788350558	-0.002957721867837533	100
0.47	-0.004063193403761141	-0.004384393652933693	-0.0011321277813429623	-0.002734739771845642	108
0.475	-0.0035837911734950727	-0.003994641236995695	-0.0009746724087831547	-0.0024979943746924983	119
0.48	-0.0031096954618163378	-0.0035826089360805296	-0.0008229894941127751	-0.0022455664494369443	131
0.485	-0.0026374611003672195	-0.003142506019286542	-0.0006768797369244946	-0.00197389184559803	152
0.49	-0.002159067908599835	-0.002662253621864658	-0.0005351721903803672	-0.0016754225311239066	181
0.495	Undefined	Undefined	Undefined	Undefined	200