0.	-0.1424823941624419	0.036958827448515676	0	0	11
0.005	-0.1439588058192337	0.03726530153922247	0.0014426832778531421	-0.00037713804290356824	29
0.01	-0.14555073485876444	0.03749674384869956	0.002923619175715965	-0.0007680882761324174	29
0.015	-0.14718361286816511	0.03773115822942312	0.0044443868481234055	-0.0011732712474474434	29
0.02	-0.14885876394120467	0.03796853522026141	0.006006639955454679	-0.0015931229374525266	29
0.025	-0.150577568599616	0.038208870860635805	0.007612110846829933	-0.002028095846937981	28
0.03	-0.15234148346606696	0.03845212926486076	0.009262616123414216	-0.0024786578377606313	28
0.035	-0.15415201927846428	0.0386982985145606	0.010960060477525617	-0.002945295359920358	28
0.04	-0.15601076235446543	0.038947352091988206	0.012706442914214048	-0.0034285124875664537	28
0.045	-0.15791937410379628	0.039199258218274045	0.014503862348716342	-0.00392883203322913	28
0.05	-0.15987959458288284	0.039453978997249055	0.016354523767521143	-0.004446796251202209	28
0.055	-0.1618932474062458	0.03971146986675138	0.018260744902107558	-0.004982967605800925	28
0.06	-0.16396223791766107	0.03997168764557185	0.02022496246256056	-0.005537930591584336	27
0.065	-0.16608858692354247	0.0402345551893505	0.02224974346962495	-0.006112288454951843	27
0.07	-0.16827439181324377	0.04050001221407579	0.02433778794676402	-0.006706669989784527	27
0.075	-0.1705218625941614	0.04076797977408636	0.026491941419735727	-0.007321726473386389	27
0.08	-0.1728333216109917	0.041038368293939836	0.02871520364703835	-0.00795813352679541	27
0.085	-0.17521120872286178	0.04131107574281892	0.031010738681725464	-0.00861659190783888	27
0.09	-0.17765809007100483	0.041585987428005504	0.03338188609044051	-0.009297828564456408	27
0.095	-0.1801766654082847	0.041862973664014556	0.03583217280631545	-0.010002597394874647	27
0.1	-0.1827697765815246	0.042141888604455946	0.03836532600017366	-0.010731680207959534	27
0.105	-0.1854404068761558	0.04242257478817124	0.04098528470536463	-0.011485888921256567	26
0.11	-0.1881917321884301	0.0427048371563825	0.04369622429030118	-0.012266061611860685	26
0.115	-0.19102706843612513	0.042988477087686466	0.046502558559854586	-0.013073070609230832	26
0.12	-0.1939499260797098	0.04327326568410908	0.049408966890195534	-0.013907818551809049	26
0.125	-0.19696401190456997	0.043558948205178576	0.052420411179823434	-0.014771240654204477	26
0.13	-0.20007324161516896	0.04384524082245739	0.055542156313587644	-0.015664305386744962	26
0.135	-0.2032817557085375	0.04413182725306454	0.05877979317058448	-0.01658801515865919	26
0.14	-0.20659393466678824	0.04441835584292619	0.06213926308923282	-0.017543407156696368	26
0.145	-0.21001441552135716	0.04470443575453616	0.06562688442892724	-0.01853155389561388	26
0.15	-0.21354809882821635	0.04498963306648945	0.06924937797337868	-0.019553563528924844	25
0.155	-0.21720022200722644	0.04527346415640045	0.07301391619810843	-0.020610580704217563	25
0.16	-0.22097629865256463	0.045555393795125534	0.07692813128331137	-0.021703785966656217	25
0.165	-0.2248822000114685	0.04583482685769253	0.08100017169472484	-0.022834396046068316	25
0.17	-0.22892416539136037	0.04611110308102279	0.08523873904729715	-0.024003663669846777	25
0.175	-0.23310883143454156	0.046383488060856834	0.08965313404815366	-0.025212876082478443	25
0.18	-0.23744326416122324	0.046651167805435274	0.09425330699977169	-0.026463354986209737	25
0.185	-0.2419349925265362	0.04691323695904765	0.09904991309467524	-0.027756453893471856	25
0.19	-0.24659204676182503	0.04716869043085572	0.10405437343971032	-0.02909355661778486	25
0.195	-0.25142300005257173	0.04741641003992773	0.10927894252367112	-0.030476073568004493	25
0.2	-0.25643699788695373	0.04765514524779006	0.11473677534995103	-0.0319054343941441	24
0.205	-0.2616438686904446	0.047883529787059564	0.12044203564896706	-0.033383099723087103	24
0.21	-0.26705408912165185	0.0481000154978487	0.12640994839363565	-0.03491052916405576	24
0.215	-0.2726789055391061	0.048302888194848764	0.13265692599287301	-0.0364891916792769	24
0.22	-0.2785303865199049	0.04849023623484636	0.1392006743079808	-0.038120551076034334	24
0.225	-0.28462149653375973	0.04865992666429761	0.1460603166993031	-0.039806054662208656	24
0.23	-0.2909661800111009	0.048809578031068626	0.15325653330035585	-0.041547119474359545	24
0.235	-0.2975794525858062	0.048936527907719116	0.16081171587339504	-0.04334511468287567	24
0.24	-0.304477503457864	0.049037798430040594	0.16875014089603135	-0.0452013416898148	24
0.245	-0.31167781093105507	0.04911005301114657	0.17709816477343712	-0.04711700798248526	24
0.25	-0.31919926968586976	0.049149550837552985	0.18588444150877653	-0.04909319799745336	24
0.255	-0.3270623327681591	0.04915209034385043	0.19514016785775273	-0.051130835005293626	24
0.26	-0.3352891668447665	0.04911292897967645	0.20489935775896367	-0.053230625754538845	23
0.265	-0.3439038571558981	0.04902678885457677	0.21519916506695877	-0.05539305718020005	23
0.27	-0.3529325720615786	0.048887653542969575	0.22608022162292976	-0.05761825626117288	23
0.275	-0.3624038175438331	0.04868875071397613	0.2375870487329439	-0.0599059629358996	23
0.28	-0.37234869078404137	0.04842241834315464	0.24976851196101382	-0.06225542365538442	23
0.285	-0.3828011726409334	0.048079974214202126	0.26267834047879157	-0.06466527876295272	23
0.29	-0.39379846275240715	0.04765156060110637	0.2763757227951476	-0.06713342549719901	23
0.295	-0.40538135778469875	0.04712596141469208	0.2909259872903522	-0.06965685015448103	23
0.3	-0.4175946891046719	0.046490390611911486	0.30640138713518783	-0.07223142780525815	23
0.305	-0.4304878163371187	0.045730239426843594	0.32288200035730397	-0.07485167565241761	23
0.31	-0.44411520353392214	0.044828778778446016	0.3404567761750983	-0.07751045436903319	23
0.315	-0.45853707399207444	0.04376680393303206	0.35922474118526143	-0.08019860093884063	23
0.32	-0.47382017467704424	0.04252220946464744	0.3792964089158513	-0.08290447801660779	23
0.325	-0.49003865746554154	0.041069485053134486	0.40079541973811966	-0.08561342413631431	23
0.33	-0.5072751275040794	0.039379083612213095	0.42386048404079635	-0.08830705491398916	22
0.335	-0.5256217561139308	0.03741677008585523	0.44864756036113773	-0.09096248180234365	22
0.34	-0.5451818131347681	0.035142599309585326	0.47533264171474865	-0.09355116915971903	22
0.345	-0.5660712344131517	0.03250991640454262	0.5041148347322123	-0.09603769070868237	22
0.35	-0.5884205951536665	0.029464001299538634	0.5352201371096786	-0.09837807375428093	22
0.355	-0.6123774190040965	0.025940431062671465	0.568905923938088	-0.10051773790855667	22
0.36	-0.6381089367240959	0.02186305158655949	0.6054663388052116	-0.10238888569207408	22
0.365	-0.6658053832265668	0.017141450946920267	0.6452387951391497	-0.1039071846755587	22
0.37	-0.6956839623608828	0.011667803454642411	0.6886118577845088	-0.10496752918215807	22
0.375	-0.7279936391335564	0.005312877511600866	0.7360348543313192	-0.10543857427364722	22
0.38	-0.7630209731029222	-0.0020790102291721735	0.788029666484379	-0.10515567794371738	22
0.385	-0.8010972346975389	-0.010696470621482213	0.8452052672514055	-0.10391166830945597	22
0.39	-0.8426071789876637	-0.02076936137750135	0.9082757878044018	-0.10144474119598956	22
0.395	-0.8879999024272396	-0.032579617824098905	0.9780831104720811	-0.09742239955620219	22
0.4	-0.9378023860186091	-0.04647545294653044	1.055625330817662	-0.09141999271898182	22
0.405	-0.992636528468365	-0.06289015305468293	1.1420929214531865	-0.08289176500389961	22
0.41	-1.053240724655548	-0.0823672628346741	1.2389150541146412	-0.07113134386278852	22
0.415	-1.1204974930937595	-0.10559467733409611	1.34781954055316	-0.05521725474386596	22
0.42	-1.1954691403780346	-0.13345142547474054	1.4709111279933604	-0.03393679071699007	22
0.425	-1.2794444003371916	-0.16707278125668956	1.610775038876247	-0.005678149869437044	22
0.43	-1.374000101322098	-0.2079422857519292	1.7706155297619006	0.03172473368835138	22
0.435	-1.481083933244629	-0.25802419535649246	1.9544440533417382	0.08121941804965305	22
0.44	-1.6031273944581992	-0.31995790856728046	2.16733899689555	0.14687424638720237	22
0.445	-1.7432029548463954	-0.3973500766472672	2.415811099005731	0.23439663031655522	22
0.45	-1.9052479193244674	-0.4952256786794559	2.7083292288716727	0.3519462580219288	23
0.455	-2.094393130164126	-0.6207460650870886	3.0560983345490724	0.5114499352309219	23
0.46	-2.3174643867747244	-0.7843999577748327	3.474251936804393	0.7308132654075439	23
0.465	-2.58378682059937	-1.0020717937197596	3.983764655737077	1.0378129392815472	23
0.47	-2.9065654327319566	-1.298865179614329	4.614712830727351	1.4773736221770613	24
0.475	-3.3054900323147347	-1.716763354782292	5.412330235842578	2.126282072260853	25
0.48	-3.8123336172117677	-2.3317932923908966	6.449700283617862	3.126368162946078	25
0.485	-4.485455141245423	-3.2992590789750333	7.859560806445364	4.7722429693578015	27
0.49	-5.4595419490951445	-5.008027066966749	9.939462221202243	7.810675168203185	29
0.495	-7.228627308483168	-8.941510049827635	13.729321813908347	15.108206687505055	34