0.	Indeterminate	Indeterminate	0	0	11
0.005	-0.06376416352941133	-0.009782628025493435	0.0004267225585669836	0.00006419394482467419	31
0.01	-0.06467026671900405	-0.009827931125967294	0.0008688844677005363	0.0001268828155753812	31
0.015	-0.06559109819462912	-0.009878318383841192	0.0013269382255351868	0.00018807422191447295	31
0.02	-0.06652716045631352	-0.009934035656625189	0.0018013571003316117	0.00024778065360158243	31
0.025	-0.0674789763604668	-0.009995344636814712	0.0022926363733494393	0.00030602010548249703	30
0.03	-0.06844707912081262	-0.010062506006801003	0.0028012940263439103	0.00036281583350073897	30
0.035	-0.06943202791555789	-0.01013580580504398	0.003327872434427776	0.0004181976184737654	30
0.04	-0.07043439960206756	-0.010215539402100883	0.0038729391167146394	0.0004722015164108091	30
0.045	-0.07145479190741073	-0.010302015174612485	0.004437088271175568	0.0005248705612083359	30
0.05	-0.07249382424485819	-0.010395558535134342	0.005020942164327458	0.0005762555040321766	30
0.055	-0.07355213842481606	-0.01049650926065138	0.0056251523523562835	0.0006264148951506329	30
0.06	-0.0746304017186977	-0.01060522524589267	0.0062504016028842885	0.0006754161834517068	30
0.065	-0.07572930946842099	-0.010722085272100775	0.006897405509408462	0.0007233362922521042	29
0.07	-0.07684957232227832	-0.01084747814000582	0.007566913078227914	0.0007702614842461991	29
0.075	-0.0779919410090694	-0.010981823071246486	0.008259710722879976	0.0008162897680876668	29
0.08	-0.07915719189339819	-0.011125558177195145	0.00897662266226238	0.0008615305357798013	29
0.085	-0.08034613286176986	-0.011279144276422674	0.009718513646071453	0.0009061058429713368	29
0.09	-0.08155960396558444	-0.011443068476323728	0.010486291038239616	0.0009501516547785575	29
0.095	-0.0827984806063251	-0.011617843400688832	0.011280907292752343	0.0009938185426577022	29
0.1	-0.08406367439246172	-0.01180401085824431	0.01210336253274871	0.001037273223350248	29
0.105	-0.08535613614372148	-0.012002143185960223	0.012954707471628614	0.0010806998714838634	29
0.11	-0.08667686201248398	-0.012212844988117307	0.013836046875146845	0.0011243014111363319	28
0.115	-0.08802687595313248	-0.012436754442020793	0.01474853974084536	0.0011683011046104844	28
0.12	-0.08940726344098664	-0.012674549435713577	0.01569340750335062	0.0012129446733817459	28
0.125	-0.0908191533267973	-0.012926945774667936	0.016671934440508532	0.0012585015704887053	28
0.13	-0.09226372459315538	-0.013194703086575256	0.0176854723135718	0.0013052677009483381	28
0.135	-0.09374221169056982	-0.013478626176677111	0.01873544473911723	0.0013535671506426754	28
0.14	-0.09525590542053067	-0.013779568933262126	0.019823351487386655	0.001403755094326744	28
0.145	-0.09680615855071839	-0.014098437616421829	0.020950773676372905	0.0014562200702079612	28
0.15	-0.09839439316607093	-0.014436193157627078	0.02211937970754708	0.001511386829899138	27
0.155	-0.10002208402177898	-0.01479386459769889	0.023330926634451514	0.001569721900470394	27
0.16	-0.10169079547923691	-0.015172539189237562	0.024587273102091405	0.0016317335340874511	27
0.165	-0.10340216412198375	-0.015573377047740165	0.025890381228941956	0.001697978059078167	27
0.17	-0.10515791007778677	-0.015997613319339715	0.027242325044310893	0.00176906342008217	27
0.175	-0.10695984123413116	-0.01644656642103017	0.02864529804651063	0.0018456545737612854	27
0.18	-0.10880985929538463	-0.01692164343649537	0.03010162141322714	0.001928478797314167	27
0.185	-0.11070996701867447	-0.017424345520086957	0.031613753282622815	0.0020183306503789317	27
0.19	-0.11266227488236821	-0.017956278969477817	0.033184298454225505	0.002116079538122222	27
0.195	-0.11466900784247548	-0.01851916130081084	0.03481601903332045	0.0022226763473283864	27
0.2	-0.11673251574442753	-0.019114825220396616	0.03651184638359406	0.002339159546493993	26
0.205	-0.11885527476408456	-0.019745256708174428	0.03827489222719349	0.0024666726384679535	26
0.21	-0.1210399092576762	-0.02041256297900901	0.040108465121263356	0.0026064605972688382	26
0.215	-0.12328919219051102	-0.021119015740420324	0.04201608326992965	0.002759890443384965	26
0.22	-0.12560606122355397	-0.021867055405832968	0.04400149190239479	0.0029284597579018155	26
0.225	-0.12799362884701077	-0.022659309389153982	0.0460686810254577	0.0031138120896183133	26
0.23	-0.1304551984864578	-0.023498606796613763	0.04822190565009883	0.00331775081315421	26
0.235	-0.13299427678770126	-0.02438799840011115	0.05046570676555334	0.003542256652315799	26
0.24	-0.13561459250649427	-0.025330778030517018	0.0528049360343671	0.003789506798494477	26
0.245	-0.13832011280066672	-0.026330506481326572	0.05524478143215035	0.004061896472083833	26
0.25	-0.14111506464078896	-0.027391036047211187	0.05779079700981999	0.004362062492804925	26
0.255	-0.14400395649475767	-0.028516541895962904	0.06044893461963415	0.004692910885745369	26
0.26	-0.14699160164074182	-0.029711554324397628	0.06322557957483872	0.005057647572471865	26
0.265	-0.15008313845217292	-0.030980989820024372	0.06612758650330908	0.005459811163406866	25
0.27	-0.1532840924121366	-0.032330215968342894	0.06916233839565267	0.005903319892878858	25
0.275	-0.15660036148077738	-0.033765062633609996	0.07233777335841379	0.0063925040640002775	25
0.28	-0.1600382840452595	-0.03529190134427991	0.07566245350058587	0.006932166310976975	25
0.285	-0.16360467459922484	-0.03691769674928197	0.07914562335352052	0.007527636379186638	25
0.29	-0.1673068700446965	-0.038650076470875344	0.08279727833866075	0.008184838125913295	25
0.295	-0.171152781722053	-0.04049740950954292	0.08662824222477113	0.008910366387339554	25
0.3	-0.17515095465552066	-0.04246889378742348	0.09065025342815484	0.009711573062278588	25
0.305	-0.17931063569180433	-0.04457466081214324	0.09487606525129033	0.010596670544623498	25
0.31	-0.1836418483204224	-0.046825892519355934	0.09931955628234407	0.011574847850118612	25
0.315	-0.18815548038480093	-0.0492349564437361	0.10399585873222875	0.012656406716057403	25
0.32	-0.19286338237900122	-0.05181556358338704	0.10892150329665913	0.013852920285990998	25
0.325	-0.19777848051670638	-0.05458295203464665	0.11411458542382517	0.015177418959721845	25
0.33	-0.20291490582767693	-0.05755409854007251	0.11959495569944537	0.01664460679066628	25
0.335	-0.20828814754574201	-0.06074797140763006	0.12538444249162933	0.01827111948720875	25
0.34	-0.21391522383725728	-0.06418582107928637	0.1315071052392307	0.020075825813008357	25
0.345	-0.21981488668030974	-0.0678915316207982	0.13798953273410663	0.022080189648755324	25
0.35	-0.22600785930199002	-0.07189203177675363	0.1448611898209206	0.024308698729695658	25
0.355	-0.23251711567330025	-0.07621778882444143	0.15215482590361815	0.026789381713587516	25
0.36	-0.23936820985018845	-0.08090340184200367	0.15990695528014132	0.029554431278695528	25
0.365	-0.2465896712780878	-0.08598831807733436	0.16815842985076931	0.03264096029258514	25
0.37	-0.25421347394912475	-0.09151770094266146	0.1769551198144832	0.036091923235151785	25
0.375	-0.26227560651524295	-0.09754350071017098	0.18634873706787367	0.039957255262338245	25
0.38	-0.2708167594306217	-0.10412576333080686	0.19639782364475283	0.04429527097495252	25
0.385	-0.2798831720611085	-0.11133426540722816	0.207168967552735	0.049174421678229545	25
0.39	-0.2895276615885275	-0.11925055220182151	0.21873827993258954	0.0546754928669511	26
0.395	-0.2998109724852403	-0.12797057660348973	0.23119328390966085	0.06089443372056267	26
0.4	-0.31080334561518075	-0.1376079348914266	0.24463517600784268	0.06794590083969348	26
0.405	-0.3225866491765153	-0.14829819951801632	0.25918179745662834	0.07596794336302734	26
0.41	-0.3352570591964243	-0.16020450903417305	0.27497139183668284	0.08512810345084976	26
0.415	-0.34892858369476104	-0.1735249970024807	0.2921674990030377	0.09563153019798912	26
0.42	-0.3637377134595591	-0.188502791441454	0.3109653902027347	0.10773193893418517	27
0.425	-0.37984984218691686	-0.20543970261277653	0.3316008011209739	0.12174660804896828	27
0.43	-0.3974678425615583	-0.22471529093412246	0.3543616580356683	0.13807735660767276	27
0.435	-0.41684440547129137	-0.24681405541823187	0.37960464980089215	0.15724044580711807	28
0.44	-0.43829986418752725	-0.27236502952043373	0.4077789460718311	0.17991019285621834	28
0.445	-0.46224845408010035	-0.30220120121944455	0.4394609112338246	0.20698446826939645	28
0.45	-0.4892390156271235	-0.3374514502011975	0.47540717486446377	0.2396860736050071	29
0.455	-0.520020292713298	-0.3796882203453121	0.516638735031364	0.27972556518697855	30
0.46	-0.5556505982537374	-0.4311758089774316	0.5645805021179156	0.3295749416046422	30
0.465	-0.5976938218059993	-0.4953108772622207	0.6213071881305463	0.39295285652025524	31
0.47	-0.648597178098618	-0.57745867926974	0.6900099572054793	0.47574460137432273	32
0.475	-0.7124912413802068	-0.6866839265758893	0.7759690202167142	0.5879033009738047	34
0.48	-0.797120502649905	-0.8397688119528535	0.8888595234072614	0.7478539427994392	36
0.485	-0.9194399645047082	-1.072171405958575	1.0493102459178902	0.9944727846129732	38
0.49	-1.12724150396582	-1.4762881103233705	1.313721790669745	1.4287799483995578	42
0.495	-1.6424903680092302	-2.410730941512338	1.9348688414679456	2.4411697309305453	49