0.	-0.1424823941624419	0.036958827448515676	0	0	11
0.005	-0.14139652240152714	0.03688475435314465	-0.0009415899984799171	0.00024166081791519004	29
0.01	-0.14040943107620724	0.0367313698495594	-0.0018624559125068755	0.00047550274202027426	29
0.015	-0.1394450252899354	0.036576648115987376	-0.002767364211993694	0.0006996721971269419	29
0.02	-0.1385027016156281	0.03642071915554308	-0.003655545118874627	0.0009149479603975579	29
0.025	-0.13758197020217416	0.03626365416905112	-0.004527561394976698	0.0011214331003841285	30
0.03	-0.13668235239724164	0.03610554823767553	-0.0053839615473093155	0.0013192352548654263	30
0.035	-0.135803395043472	0.0359464628673927	-0.006225277615856384	0.0015084577788384733	30
0.04	-0.13494466040839276	0.035786464486614246	-0.0070520227089482706	0.0016892018709496817	30
0.045	-0.13410572857784736	0.03562561517311119	-0.007864692741875654	0.0018615658917557729	30
0.05	-0.1332861951590351	0.035463972877519394	-0.00866376530054443	0.0020256462097941966	30
0.055	-0.13248567292835642	0.03530159154614196	-0.009449705009195423	0.0021815350702125316	30
0.06	-0.1317037885691564	0.035138521415284285	-0.010222957726964504	0.00232932362728435	30
0.065	-0.13094018538490365	0.03497480913369087	-0.010983957719855504	0.0024690989310157544	30
0.07	-0.13019452049021804	0.03481048877295047	-0.011733123599717751	0.0026009452493410516	31
0.075	-0.12946646447635068	0.03464561897014132	-0.012470862650779067	0.0027249456743184608	31
0.08	-0.12875570102485812	0.03448022781216283	-0.013197565741893055	0.002841179816556405	31
0.085	-0.128061929152751	0.034314349519674346	-0.013913617381229516	0.002949722831893718	31
0.09	-0.12738485866128604	0.03414801582603037	-0.014619385761255422	0.003050649212507358	31
0.095	-0.1267242130836585	0.03398125529778919	-0.015315230875097252	0.003144029396840468	31
0.1	-0.12607972735612372	0.03381409457158697	-0.016001501154145864	0.003229931596151054	31
0.105	-0.12545114880870026	0.03364655791829573	-0.01667853590019545	0.0033084209254089355	31
0.11	-0.12483823653797901	0.03347865751462531	-0.017346664670903403	0.003379558413230054	32
0.115	-0.12424076086952834	0.03331043148969735	-0.01800620803816763	0.0034434061878443074	32
0.12	-0.12365850319018623	0.033141888767949476	-0.018657478438279845	0.0035000196852243044	32
0.125	-0.1230912555774478	0.0329730449816236	-0.019300779902434034	0.0035494527798423	32
0.13	-0.1225388220128558	0.03280391405109144	-0.01993641048706817	0.003591755885850584	32
0.135	-0.12200101545605035	0.03263450819781164	-0.020564657570836475	0.003626977892025195	32
0.14	-0.12147766081623029	0.032464837803273736	-0.02118580521396241	0.0036551634736560245	32
0.145	-0.12096859319138455	0.032294902705169375	-0.021800129444338564	0.0036763532783451215	33
0.15	-0.12047365774693311	0.03212472835082244	-0.022407900174693168	0.0036905900586802287	33
0.155	-0.11999271020901592	0.03195431177120958	-0.02300938354865538	0.0036979079995159182	33
0.16	-0.11952561580979607	0.031783657998097146	-0.023604838046809407	0.0036983409624708552	33
0.165	-0.11907225070604342	0.031612770079549636	-0.024194518620692697	0.0036919190816927733	33
0.17	-0.11863250097116039	0.03144165031710969	-0.02477867503943592	0.0036786698284085916	33
0.175	-0.11820626335642598	0.031270290848881846	-0.025357554015482304	0.003658615226919547	34
0.18	-0.11779344476237284	0.03109870905417899	-0.02593139651555958	0.0036317806031441763	34
0.185	-0.11739396258396471	0.03092689554473705	-0.02650044352623658	0.0035981812794823893	34
0.19	-0.1170077437993829	0.030754848512944452	-0.027064928461692537	0.0035578328326204348	34
0.195	-0.1166347277940252	0.030582565027344716	-0.027625086494243296	0.0035107460456579283	34
0.2	-0.116274863504813	0.030410032892635788	-0.028181146283009068	0.003456927702884181	35
0.205	-0.11592811244350244	0.03023726493138608	-0.028733338788981107	0.003396385993285003	35
0.21	-0.11559444573520283	0.03006424811429849	-0.029281890538144444	0.0033291205780048624	35
0.215	-0.11527384706091123	0.029890977059557493	-0.029827027583953638	0.0032551293551345926	35
0.22	-0.11496631264553762	0.029717446087437874	-0.030368976558109353	0.0031744062317284917	35
0.225	-0.11467185148865473	0.029543640111881302	-0.030907961810186606	0.0030869396986937846	36
0.23	-0.11439048419244306	0.029369570128425834	-0.03144421071017962	0.0029927205478730264	36
0.235	-0.11412224495227945	0.029195221073678328	-0.03197794759546858	0.002891730009563954	36
0.24	-0.11386718323946021	0.029020586642908262	-0.032509401773071205	0.0027839464097425123	36
0.245	-0.11362536201758325	0.02884566016367046	-0.033038801187494096	0.002669344829058772	36
0.25	-0.11339686396207235	0.028670426491024557	-0.03356637997898371	0.0025478922883653606	37
0.255	-0.11318177992915537	0.02849489729000667	-0.03409237151220465	0.0024195601922497962	37
0.26	-0.112980224457629	0.028319058651779968	-0.0346170154493617	0.0022843069495502464	37
0.265	-0.1127923311596519	0.028142897542773316	-0.03514055425121274	0.002142086638860545	38
0.27	-0.11261824689072138	0.02796642659531521	-0.03566323619058783	0.0019928555736524346	38
0.275	-0.112458145041854	0.027789635294341225	-0.03618531713629732	0.0018365569551197407	38
0.28	-0.11231221915989864	0.027612522013064078	-0.03670705691356921	0.0016731317936664976	38
0.285	-0.11218069171366722	0.027435078858683067	-0.03722872656137083	0.0015025116895067579	39
0.29	-0.11206380010329012	0.02725732432773575	-0.03775060466849641	0.0013246304819933942	39
0.295	-0.11196181915012625	0.027079254647464416	-0.03827298086755905	0.001139407520873624	39
0.3	-0.11187505616332785	0.02690086904550094	-0.03879615658267353	0.0009467554340050416	40
0.305	-0.11180383917514071	0.02672219256528376	-0.0393204474814263	0.0007465866304891969	40
0.31	-0.11174854335244688	0.02654323102444259	-0.03984618372650274	0.00053879861416761	40
0.315	-0.11170958757652236	0.026363994495421567	-0.04037371536218872	0.00032327958957105007	41
0.32	-0.11168741524608877	0.026184519173205124	-0.04090340530529343	0.00009991822381201585	41
0.325	-0.11168254243491983	0.026004817994081504	-0.04143564908377153	-0.00013141982369509891	42
0.33	-0.1116955148669263	0.025824937326702088	-0.04197085744278856	-0.0003708666353177516	42
0.335	-0.11172695993099775	0.02564490401572264	-0.04250947629747171	-0.0006185776381316148	43
0.34	-0.11177754892768318	0.025464777905903506	-0.04305197834398069	-0.0008747099762811674	43
0.345	-0.11184804287302474	0.0252846088097114	-0.043598876978485614	-0.001139442960591837	43
0.35	-0.111939290842201	0.025104458807767037	-0.04415072950997532	-0.0014129712584955972	44
0.355	-0.1120522163329387	0.02492441134488859	-0.04470813260780987	-0.0016955005680300483	45
0.36	-0.11218785203472474	0.0247445624616478	-0.045271741620626804	-0.0019872572604626455	45
0.365	-0.11234737145944285	0.024565011016513906	-0.04584227652962029	-0.002288494433787576	46
0.37	-0.11253205488757428	0.024385888934266846	-0.04642052098630016	-0.0025994810986467863	46
0.375	-0.11274337414746537	0.02420733648709861	-0.04700735316270221	-0.0029205217588825056	47
0.38	-0.11298295606710228	0.02402952603734642	-0.047603736600759214	-0.003251945600679249	48
0.385	-0.11325264688466428	0.023852655780354618	-0.048210748467862885	-0.0035941186087554986	49
0.39	-0.11355453064790672	0.02367695621493663	-0.0488295954523549	-0.003947447795894527	49
0.395	-0.11389100560074551	0.023502696134410292	-0.04946164496603489	-0.00431238976272709	50
0.4	-0.11426478409771296	0.02333019125072944	-0.05010843697946021	-0.00468945325559497	51
0.405	-0.11467899335201764	0.023159811189379865	-0.05077173295021734	-0.0050792145496339255	52
0.41	-0.11513724606776035	0.02299199192937555	-0.0514535510404767	-0.0054823260652565806	53
0.415	-0.11564374413544673	0.02282724894779689	-0.05215622477369116	-0.005899533622877881	54
0.42	-0.11620341854108286	0.022666201663983997	-0.05288248131941358	-0.006331695813108631	56
0.425	-0.11682206463074575	0.022509573944764376	-0.053635506441580896	-0.006779811474892764	57
0.43	-0.1175066239698527	0.02235826422703003	-0.054419100933495584	-0.007245046451820383	59
0.435	-0.1182654221705186	0.02221333886217031	-0.05523780099401641	-0.007728787387378897	60
0.44	-0.1191086339535217	0.02207614448180542	-0.05609713366376692	-0.00823268714535718	62
0.445	-0.12004881132805813	0.02194833336526315	-0.0570038907753184	-0.008758763509879575	64
0.45	-0.12110172554115664	0.021832021971773793	-0.05796657633468797	-0.00930949897583649	67
0.455	-0.12228756756732545	0.021729921173419577	-0.058996038626472874	-0.009888028494228042	70
0.46	-0.12363280676295896	0.021645631089139604	-0.060106450401505675	-0.010498382405473742	73
0.465	-0.12517314653946232	0.021584064209377835	-0.06131686869355829	-0.01114589339855526	77
0.47	-0.12695853329551496	0.021552144961615505	-0.06265385443609102	-0.011837882625499771	82
0.475	-0.12906221869711615	0.0215601412745473	-0.06415622417647747	-0.012584863506898733	89
0.48	-0.13159879396931742	0.021624281990653416	-0.06588446421226812	-0.013402923181336325	98
0.485	-0.1347649466135219	0.02177278114568136	-0.06794197640865061	-0.014318999809026324	110
0.49	-0.13895199475013612	0.022062539333832537	-0.07053356649960463	-0.015385251311194913	131
0.495	-0.145192599324309	0.02264603808139844	-0.07419695514848414	-0.01673509078409379	178